Brick ID: 1
Position: (3, 25, 0)
Size: (4 x 2)
Voxels: (3,25,0), (4,25,0), (5,25,0), (6,25,0), (3,26,0), (4,26,0), (5,26,0), (6,26,0)

Brick ID: 2
Position: (3, 27, 0)
Size: (4 x 2)
Voxels: (3,27,0), (4,27,0), (5,27,0), (6,27,0), (3,28,0), (4,28,0), (5,28,0), (6,28,0)

Brick ID: 3
Position: (3, 29, 0)
Size: (4 x 2)
Voxels: (3,29,0), (4,29,0), (5,29,0), (6,29,0), (3,30,0), (4,30,0), (5,30,0), (6,30,0)

Brick ID: 4
Position: (3, 31, 0)
Size: (4 x 2)
Voxels: (3,31,0), (4,31,0), (5,31,0), (6,31,0), (3,32,0), (4,32,0), (5,32,0), (6,32,0)

Brick ID: 5
Position: (4, 33, 0)
Size: (2 x 4)
Voxels: (4,33,0), (5,33,0), (4,34,0), (5,34,0), (4,35,0), (5,35,0), (4,36,0), (5,36,0)

Brick ID: 6
Position: (6, 33, 0)
Size: (1 x 2)
Voxels: (6,33,0), (6,34,0)

Brick ID: 7
Position: (6, 35, 0)
Size: (1 x 2)
Voxels: (6,35,0), (6,36,0)

Brick ID: 8
Position: (4, 24, 0)
Size: (2 x 1)
Voxels: (4,24,0), (5,24,0)

Brick ID: 9
Position: (4, 37, 0)
Size: (2 x 1)
Voxels: (4,37,0), (5,37,0)

Brick ID: 10
Position: (3, 33, 0)
Size: (1 x 1)
Voxels: (3,33,0)

Brick ID: 11
Position: (3, 20, 1)
Size: (4 x 2)
Voxels: (3,20,1), (4,20,1), (5,20,1), (6,20,1), (3,21,1), (4,21,1), (5,21,1), (6,21,1)

Brick ID: 12
Position: (2, 22, 1)
Size: (4 x 2)
Voxels: (2,22,1), (3,22,1), (4,22,1), (5,22,1), (2,23,1), (3,23,1), (4,23,1), (5,23,1)

Brick ID: 13
Position: (2, 24, 1)
Size: (4 x 2)
Voxels: (2,24,1), (3,24,1), (4,24,1), (5,24,1), (2,25,1), (3,25,1), (4,25,1), (5,25,1)

Brick ID: 14
Position: (1, 26, 1)
Size: (4 x 2)
Voxels: (1,26,1), (2,26,1), (3,26,1), (4,26,1), (1,27,1), (2,27,1), (3,27,1), (4,27,1)

Brick ID: 15
Position: (5, 26, 1)
Size: (4 x 2)
Voxels: (5,26,1), (6,26,1), (7,26,1), (8,26,1), (5,27,1), (6,27,1), (7,27,1), (8,27,1)

Brick ID: 16
Position: (1, 28, 1)
Size: (4 x 2)
Voxels: (1,28,1), (2,28,1), (3,28,1), (4,28,1), (1,29,1), (2,29,1), (3,29,1), (4,29,1)

Brick ID: 17
Position: (5, 28, 1)
Size: (4 x 2)
Voxels: (5,28,1), (6,28,1), (7,28,1), (8,28,1), (5,29,1), (6,29,1), (7,29,1), (8,29,1)

Brick ID: 18
Position: (1, 30, 1)
Size: (4 x 2)
Voxels: (1,30,1), (2,30,1), (3,30,1), (4,30,1), (1,31,1), (2,31,1), (3,31,1), (4,31,1)

Brick ID: 19
Position: (5, 30, 1)
Size: (4 x 2)
Voxels: (5,30,1), (6,30,1), (7,30,1), (8,30,1), (5,31,1), (6,31,1), (7,31,1), (8,31,1)

Brick ID: 20
Position: (1, 32, 1)
Size: (4 x 2)
Voxels: (1,32,1), (2,32,1), (3,32,1), (4,32,1), (1,33,1), (2,33,1), (3,33,1), (4,33,1)

Brick ID: 21
Position: (5, 32, 1)
Size: (4 x 2)
Voxels: (5,32,1), (6,32,1), (7,32,1), (8,32,1), (5,33,1), (6,33,1), (7,33,1), (8,33,1)

Brick ID: 22
Position: (1, 34, 1)
Size: (4 x 2)
Voxels: (1,34,1), (2,34,1), (3,34,1), (4,34,1), (1,35,1), (2,35,1), (3,35,1), (4,35,1)

Brick ID: 23
Position: (5, 34, 1)
Size: (4 x 2)
Voxels: (5,34,1), (6,34,1), (7,34,1), (8,34,1), (5,35,1), (6,35,1), (7,35,1), (8,35,1)

Brick ID: 24
Position: (1, 36, 1)
Size: (4 x 2)
Voxels: (1,36,1), (2,36,1), (3,36,1), (4,36,1), (1,37,1), (2,37,1), (3,37,1), (4,37,1)

Brick ID: 25
Position: (5, 36, 1)
Size: (4 x 2)
Voxels: (5,36,1), (6,36,1), (7,36,1), (8,36,1), (5,37,1), (6,37,1), (7,37,1), (8,37,1)

Brick ID: 26
Position: (2, 38, 1)
Size: (4 x 2)
Voxels: (2,38,1), (3,38,1), (4,38,1), (5,38,1), (2,39,1), (3,39,1), (4,39,1), (5,39,1)

Brick ID: 27
Position: (3, 40, 1)
Size: (4 x 2)
Voxels: (3,40,1), (4,40,1), (5,40,1), (6,40,1), (3,41,1), (4,41,1), (5,41,1), (6,41,1)

Brick ID: 28
Position: (6, 22, 1)
Size: (2 x 4)
Voxels: (6,22,1), (7,22,1), (6,23,1), (7,23,1), (6,24,1), (7,24,1), (6,25,1), (7,25,1)

Brick ID: 29
Position: (8, 23, 1)
Size: (1 x 2)
Voxels: (8,23,1), (8,24,1)

Brick ID: 30
Position: (6, 38, 1)
Size: (1 x 2)
Voxels: (6,38,1), (6,39,1)

Brick ID: 31
Position: (7, 38, 1)
Size: (1 x 2)
Voxels: (7,38,1), (7,39,1)

Brick ID: 32
Position: (7, 40, 1)
Size: (1 x 2)
Voxels: (7,40,1), (7,41,1)

Brick ID: 33
Position: (4, 42, 1)
Size: (2 x 1)
Voxels: (4,42,1), (5,42,1)

Brick ID: 34
Position: (2, 21, 1)
Size: (1 x 1)
Voxels: (2,21,1)

Brick ID: 35
Position: (7, 21, 1)
Size: (1 x 1)
Voxels: (7,21,1)

Brick ID: 36
Position: (8, 25, 1)
Size: (1 x 1)
Voxels: (8,25,1)

Brick ID: 37
Position: (8, 38, 1)
Size: (1 x 1)
Voxels: (8,38,1)

Brick ID: 38
Position: (2, 40, 1)
Size: (1 x 1)
Voxels: (2,40,1)

Brick ID: 39
Position: (3, 17, 2)
Size: (4 x 2)
Voxels: (3,17,2), (4,17,2), (5,17,2), (6,17,2), (3,18,2), (4,18,2), (5,18,2), (6,18,2)

Brick ID: 40
Position: (2, 19, 2)
Size: (4 x 2)
Voxels: (2,19,2), (3,19,2), (4,19,2), (5,19,2), (2,20,2), (3,20,2), (4,20,2), (5,20,2)

Brick ID: 41
Position: (1, 21, 2)
Size: (4 x 2)
Voxels: (1,21,2), (2,21,2), (3,21,2), (4,21,2), (1,22,2), (2,22,2), (3,22,2), (4,22,2)

Brick ID: 42
Position: (5, 21, 2)
Size: (4 x 2)
Voxels: (5,21,2), (6,21,2), (7,21,2), (8,21,2), (5,22,2), (6,22,2), (7,22,2), (8,22,2)

Brick ID: 43
Position: (1, 23, 2)
Size: (4 x 2)
Voxels: (1,23,2), (2,23,2), (3,23,2), (4,23,2), (1,24,2), (2,24,2), (3,24,2), (4,24,2)

Brick ID: 44
Position: (5, 23, 2)
Size: (4 x 2)
Voxels: (5,23,2), (6,23,2), (7,23,2), (8,23,2), (5,24,2), (6,24,2), (7,24,2), (8,24,2)

Brick ID: 45
Position: (1, 25, 2)
Size: (4 x 2)
Voxels: (1,25,2), (2,25,2), (3,25,2), (4,25,2), (1,26,2), (2,26,2), (3,26,2), (4,26,2)

Brick ID: 46
Position: (5, 25, 2)
Size: (4 x 2)
Voxels: (5,25,2), (6,25,2), (7,25,2), (8,25,2), (5,26,2), (6,26,2), (7,26,2), (8,26,2)

Brick ID: 47
Position: (0, 27, 2)
Size: (4 x 2)
Voxels: (0,27,2), (1,27,2), (2,27,2), (3,27,2), (0,28,2), (1,28,2), (2,28,2), (3,28,2)

Brick ID: 48
Position: (4, 27, 2)
Size: (4 x 2)
Voxels: (4,27,2), (5,27,2), (6,27,2), (7,27,2), (4,28,2), (5,28,2), (6,28,2), (7,28,2)

Brick ID: 49
Position: (0, 29, 2)
Size: (4 x 2)
Voxels: (0,29,2), (1,29,2), (2,29,2), (3,29,2), (0,30,2), (1,30,2), (2,30,2), (3,30,2)

Brick ID: 50
Position: (4, 29, 2)
Size: (4 x 2)
Voxels: (4,29,2), (5,29,2), (6,29,2), (7,29,2), (4,30,2), (5,30,2), (6,30,2), (7,30,2)

Brick ID: 51
Position: (0, 31, 2)
Size: (4 x 2)
Voxels: (0,31,2), (1,31,2), (2,31,2), (3,31,2), (0,32,2), (1,32,2), (2,32,2), (3,32,2)

Brick ID: 52
Position: (4, 31, 2)
Size: (4 x 2)
Voxels: (4,31,2), (5,31,2), (6,31,2), (7,31,2), (4,32,2), (5,32,2), (6,32,2), (7,32,2)

Brick ID: 53
Position: (0, 33, 2)
Size: (4 x 2)
Voxels: (0,33,2), (1,33,2), (2,33,2), (3,33,2), (0,34,2), (1,34,2), (2,34,2), (3,34,2)

Brick ID: 54
Position: (4, 33, 2)
Size: (4 x 2)
Voxels: (4,33,2), (5,33,2), (6,33,2), (7,33,2), (4,34,2), (5,34,2), (6,34,2), (7,34,2)

Brick ID: 55
Position: (1, 35, 2)
Size: (4 x 2)
Voxels: (1,35,2), (2,35,2), (3,35,2), (4,35,2), (1,36,2), (2,36,2), (3,36,2), (4,36,2)

Brick ID: 56
Position: (5, 35, 2)
Size: (4 x 2)
Voxels: (5,35,2), (6,35,2), (7,35,2), (8,35,2), (5,36,2), (6,36,2), (7,36,2), (8,36,2)

Brick ID: 57
Position: (1, 37, 2)
Size: (4 x 2)
Voxels: (1,37,2), (2,37,2), (3,37,2), (4,37,2), (1,38,2), (2,38,2), (3,38,2), (4,38,2)

Brick ID: 58
Position: (5, 37, 2)
Size: (4 x 2)
Voxels: (5,37,2), (6,37,2), (7,37,2), (8,37,2), (5,38,2), (6,38,2), (7,38,2), (8,38,2)

Brick ID: 59
Position: (1, 39, 2)
Size: (4 x 2)
Voxels: (1,39,2), (2,39,2), (3,39,2), (4,39,2), (1,40,2), (2,40,2), (3,40,2), (4,40,2)

Brick ID: 60
Position: (5, 39, 2)
Size: (4 x 2)
Voxels: (5,39,2), (6,39,2), (7,39,2), (8,39,2), (5,40,2), (6,40,2), (7,40,2), (8,40,2)

Brick ID: 61
Position: (1, 41, 2)
Size: (4 x 2)
Voxels: (1,41,2), (2,41,2), (3,41,2), (4,41,2), (1,42,2), (2,42,2), (3,42,2), (4,42,2)

Brick ID: 62
Position: (5, 41, 2)
Size: (4 x 2)
Voxels: (5,41,2), (6,41,2), (7,41,2), (8,41,2), (5,42,2), (6,42,2), (7,42,2), (8,42,2)

Brick ID: 63
Position: (2, 43, 2)
Size: (4 x 2)
Voxels: (2,43,2), (3,43,2), (4,43,2), (5,43,2), (2,44,2), (3,44,2), (4,44,2), (5,44,2)

Brick ID: 64
Position: (8, 27, 2)
Size: (2 x 4)
Voxels: (8,27,2), (9,27,2), (8,28,2), (9,28,2), (8,29,2), (9,29,2), (8,30,2), (9,30,2)

Brick ID: 65
Position: (8, 31, 2)
Size: (2 x 4)
Voxels: (8,31,2), (9,31,2), (8,32,2), (9,32,2), (8,33,2), (9,33,2), (8,34,2), (9,34,2)

Brick ID: 66
Position: (7, 18, 2)
Size: (1 x 2)
Voxels: (7,18,2), (7,19,2)

Brick ID: 67
Position: (6, 19, 2)
Size: (1 x 2)
Voxels: (6,19,2), (6,20,2)

Brick ID: 68
Position: (8, 19, 2)
Size: (1 x 2)
Voxels: (8,19,2), (8,20,2)

Brick ID: 69
Position: (9, 21, 2)
Size: (1 x 2)
Voxels: (9,21,2), (9,22,2)

Brick ID: 70
Position: (9, 23, 2)
Size: (1 x 2)
Voxels: (9,23,2), (9,24,2)

Brick ID: 71
Position: (9, 25, 2)
Size: (1 x 2)
Voxels: (9,25,2), (9,26,2)

Brick ID: 72
Position: (9, 35, 2)
Size: (1 x 2)
Voxels: (9,35,2), (9,36,2)

Brick ID: 73
Position: (9, 37, 2)
Size: (1 x 2)
Voxels: (9,37,2), (9,38,2)

Brick ID: 74
Position: (9, 39, 2)
Size: (1 x 2)
Voxels: (9,39,2), (9,40,2)

Brick ID: 75
Position: (6, 43, 2)
Size: (1 x 2)
Voxels: (6,43,2), (6,44,2)

Brick ID: 76
Position: (7, 43, 2)
Size: (1 x 2)
Voxels: (7,43,2), (7,44,2)

Brick ID: 77
Position: (4, 16, 2)
Size: (2 x 1)
Voxels: (4,16,2), (5,16,2)

Brick ID: 78
Position: (3, 45, 2)
Size: (2 x 1)
Voxels: (3,45,2), (4,45,2)

Brick ID: 79
Position: (5, 45, 2)
Size: (2 x 1)
Voxels: (5,45,2), (6,45,2)

Brick ID: 80
Position: (2, 18, 2)
Size: (1 x 1)
Voxels: (2,18,2)

Brick ID: 81
Position: (1, 20, 2)
Size: (1 x 1)
Voxels: (1,20,2)

Brick ID: 82
Position: (7, 20, 2)
Size: (1 x 1)
Voxels: (7,20,2)

Brick ID: 83
Position: (0, 26, 2)
Size: (1 x 1)
Voxels: (0,26,2)

Brick ID: 84
Position: (0, 35, 2)
Size: (1 x 1)
Voxels: (0,35,2)

Brick ID: 85
Position: (3, 15, 3)
Size: (4 x 2)
Voxels: (3,15,3), (4,15,3), (5,15,3), (6,15,3), (3,16,3), (4,16,3), (5,16,3), (6,16,3)

Brick ID: 86
Position: (1, 17, 3)
Size: (4 x 2)
Voxels: (1,17,3), (2,17,3), (3,17,3), (4,17,3), (1,18,3), (2,18,3), (3,18,3), (4,18,3)

Brick ID: 87
Position: (5, 17, 3)
Size: (4 x 2)
Voxels: (5,17,3), (6,17,3), (7,17,3), (8,17,3), (5,18,3), (6,18,3), (7,18,3), (8,18,3)

Brick ID: 88
Position: (1, 19, 3)
Size: (4 x 2)
Voxels: (1,19,3), (2,19,3), (3,19,3), (4,19,3), (1,20,3), (2,20,3), (3,20,3), (4,20,3)

Brick ID: 89
Position: (5, 19, 3)
Size: (4 x 2)
Voxels: (5,19,3), (6,19,3), (7,19,3), (8,19,3), (5,20,3), (6,20,3), (7,20,3), (8,20,3)

Brick ID: 90
Position: (0, 21, 3)
Size: (4 x 2)
Voxels: (0,21,3), (1,21,3), (2,21,3), (3,21,3), (0,22,3), (1,22,3), (2,22,3), (3,22,3)

Brick ID: 91
Position: (4, 21, 3)
Size: (4 x 2)
Voxels: (4,21,3), (5,21,3), (6,21,3), (7,21,3), (4,22,3), (5,22,3), (6,22,3), (7,22,3)

Brick ID: 92
Position: (0, 23, 3)
Size: (4 x 2)
Voxels: (0,23,3), (1,23,3), (2,23,3), (3,23,3), (0,24,3), (1,24,3), (2,24,3), (3,24,3)

Brick ID: 93
Position: (4, 23, 3)
Size: (4 x 2)
Voxels: (4,23,3), (5,23,3), (6,23,3), (7,23,3), (4,24,3), (5,24,3), (6,24,3), (7,24,3)

Brick ID: 94
Position: (0, 25, 3)
Size: (4 x 2)
Voxels: (0,25,3), (1,25,3), (2,25,3), (3,25,3), (0,26,3), (1,26,3), (2,26,3), (3,26,3)

Brick ID: 95
Position: (4, 25, 3)
Size: (4 x 2)
Voxels: (4,25,3), (5,25,3), (6,25,3), (7,25,3), (4,26,3), (5,26,3), (6,26,3), (7,26,3)

Brick ID: 96
Position: (0, 27, 3)
Size: (4 x 2)
Voxels: (0,27,3), (1,27,3), (2,27,3), (3,27,3), (0,28,3), (1,28,3), (2,28,3), (3,28,3)

Brick ID: 97
Position: (4, 27, 3)
Size: (4 x 2)
Voxels: (4,27,3), (5,27,3), (6,27,3), (7,27,3), (4,28,3), (5,28,3), (6,28,3), (7,28,3)

Brick ID: 98
Position: (0, 29, 3)
Size: (4 x 2)
Voxels: (0,29,3), (1,29,3), (2,29,3), (3,29,3), (0,30,3), (1,30,3), (2,30,3), (3,30,3)

Brick ID: 99
Position: (4, 29, 3)
Size: (4 x 2)
Voxels: (4,29,3), (5,29,3), (6,29,3), (7,29,3), (4,30,3), (5,30,3), (6,30,3), (7,30,3)

Brick ID: 100
Position: (0, 31, 3)
Size: (4 x 2)
Voxels: (0,31,3), (1,31,3), (2,31,3), (3,31,3), (0,32,3), (1,32,3), (2,32,3), (3,32,3)

Brick ID: 101
Position: (4, 31, 3)
Size: (4 x 2)
Voxels: (4,31,3), (5,31,3), (6,31,3), (7,31,3), (4,32,3), (5,32,3), (6,32,3), (7,32,3)

Brick ID: 102
Position: (0, 33, 3)
Size: (4 x 2)
Voxels: (0,33,3), (1,33,3), (2,33,3), (3,33,3), (0,34,3), (1,34,3), (2,34,3), (3,34,3)

Brick ID: 103
Position: (4, 33, 3)
Size: (4 x 2)
Voxels: (4,33,3), (5,33,3), (6,33,3), (7,33,3), (4,34,3), (5,34,3), (6,34,3), (7,34,3)

Brick ID: 104
Position: (0, 35, 3)
Size: (4 x 2)
Voxels: (0,35,3), (1,35,3), (2,35,3), (3,35,3), (0,36,3), (1,36,3), (2,36,3), (3,36,3)

Brick ID: 105
Position: (4, 35, 3)
Size: (4 x 2)
Voxels: (4,35,3), (5,35,3), (6,35,3), (7,35,3), (4,36,3), (5,36,3), (6,36,3), (7,36,3)

Brick ID: 106
Position: (0, 37, 3)
Size: (4 x 2)
Voxels: (0,37,3), (1,37,3), (2,37,3), (3,37,3), (0,38,3), (1,38,3), (2,38,3), (3,38,3)

Brick ID: 107
Position: (4, 37, 3)
Size: (4 x 2)
Voxels: (4,37,3), (5,37,3), (6,37,3), (7,37,3), (4,38,3), (5,38,3), (6,38,3), (7,38,3)

Brick ID: 108
Position: (0, 39, 3)
Size: (4 x 2)
Voxels: (0,39,3), (1,39,3), (2,39,3), (3,39,3), (0,40,3), (1,40,3), (2,40,3), (3,40,3)

Brick ID: 109
Position: (4, 39, 3)
Size: (4 x 2)
Voxels: (4,39,3), (5,39,3), (6,39,3), (7,39,3), (4,40,3), (5,40,3), (6,40,3), (7,40,3)

Brick ID: 110
Position: (1, 41, 3)
Size: (4 x 2)
Voxels: (1,41,3), (2,41,3), (3,41,3), (4,41,3), (1,42,3), (2,42,3), (3,42,3), (4,42,3)

Brick ID: 111
Position: (5, 41, 3)
Size: (4 x 2)
Voxels: (5,41,3), (6,41,3), (7,41,3), (8,41,3), (5,42,3), (6,42,3), (7,42,3), (8,42,3)

Brick ID: 112
Position: (1, 43, 3)
Size: (4 x 2)
Voxels: (1,43,3), (2,43,3), (3,43,3), (4,43,3), (1,44,3), (2,44,3), (3,44,3), (4,44,3)

Brick ID: 113
Position: (5, 43, 3)
Size: (4 x 2)
Voxels: (5,43,3), (6,43,3), (7,43,3), (8,43,3), (5,44,3), (6,44,3), (7,44,3), (8,44,3)

Brick ID: 114
Position: (2, 45, 3)
Size: (4 x 2)
Voxels: (2,45,3), (3,45,3), (4,45,3), (5,45,3), (2,46,3), (3,46,3), (4,46,3), (5,46,3)

Brick ID: 115
Position: (8, 21, 3)
Size: (2 x 4)
Voxels: (8,21,3), (9,21,3), (8,22,3), (9,22,3), (8,23,3), (9,23,3), (8,24,3), (9,24,3)

Brick ID: 116
Position: (8, 25, 3)
Size: (2 x 4)
Voxels: (8,25,3), (9,25,3), (8,26,3), (9,26,3), (8,27,3), (9,27,3), (8,28,3), (9,28,3)

Brick ID: 117
Position: (8, 29, 3)
Size: (2 x 4)
Voxels: (8,29,3), (9,29,3), (8,30,3), (9,30,3), (8,31,3), (9,31,3), (8,32,3), (9,32,3)

Brick ID: 118
Position: (8, 33, 3)
Size: (2 x 4)
Voxels: (8,33,3), (9,33,3), (8,34,3), (9,34,3), (8,35,3), (9,35,3), (8,36,3), (9,36,3)

Brick ID: 119
Position: (8, 37, 3)
Size: (2 x 4)
Voxels: (8,37,3), (9,37,3), (8,38,3), (9,38,3), (8,39,3), (9,39,3), (8,40,3), (9,40,3)

Brick ID: 120
Position: (9, 18, 3)
Size: (1 x 2)
Voxels: (9,18,3), (9,19,3)

Brick ID: 121
Position: (10, 22, 3)
Size: (1 x 2)
Voxels: (10,22,3), (10,23,3)

Brick ID: 122
Position: (10, 24, 3)
Size: (1 x 2)
Voxels: (10,24,3), (10,25,3)

Brick ID: 123
Position: (10, 26, 3)
Size: (1 x 2)
Voxels: (10,26,3), (10,27,3)

Brick ID: 124
Position: (10, 28, 3)
Size: (1 x 2)
Voxels: (10,28,3), (10,29,3)

Brick ID: 125
Position: (9, 41, 3)
Size: (1 x 2)
Voxels: (9,41,3), (9,42,3)

Brick ID: 126
Position: (6, 45, 3)
Size: (1 x 2)
Voxels: (6,45,3), (6,46,3)

Brick ID: 127
Position: (7, 45, 3)
Size: (1 x 2)
Voxels: (7,45,3), (7,46,3)

Brick ID: 128
Position: (4, 14, 3)
Size: (2 x 1)
Voxels: (4,14,3), (5,14,3)

Brick ID: 129
Position: (7, 16, 3)
Size: (2 x 1)
Voxels: (7,16,3), (8,16,3)

Brick ID: 130
Position: (3, 47, 3)
Size: (2 x 1)
Voxels: (3,47,3), (4,47,3)

Brick ID: 131
Position: (5, 47, 3)
Size: (2 x 1)
Voxels: (5,47,3), (6,47,3)

Brick ID: 132
Position: (2, 16, 3)
Size: (1 x 1)
Voxels: (2,16,3)

Brick ID: 133
Position: (9, 20, 3)
Size: (1 x 1)
Voxels: (9,20,3)

Brick ID: 134
Position: (10, 30, 3)
Size: (1 x 1)
Voxels: (10,30,3)

Brick ID: 135
Position: (8, 45, 3)
Size: (1 x 1)
Voxels: (8,45,3)

Brick ID: 136
Position: (3, 14, 4)
Size: (4 x 2)
Voxels: (3,14,4), (4,14,4), (5,14,4), (6,14,4), (3,15,4), (4,15,4), (5,15,4), (6,15,4)

Brick ID: 137
Position: (1, 16, 4)
Size: (4 x 2)
Voxels: (1,16,4), (2,16,4), (3,16,4), (4,16,4), (1,17,4), (2,17,4), (3,17,4), (4,17,4)

Brick ID: 138
Position: (5, 16, 4)
Size: (4 x 2)
Voxels: (5,16,4), (6,16,4), (7,16,4), (8,16,4), (5,17,4), (6,17,4), (7,17,4), (8,17,4)

Brick ID: 139
Position: (0, 18, 4)
Size: (4 x 2)
Voxels: (0,18,4), (1,18,4), (2,18,4), (3,18,4), (0,19,4), (1,19,4), (2,19,4), (3,19,4)

Brick ID: 140
Position: (4, 18, 4)
Size: (4 x 2)
Voxels: (4,18,4), (5,18,4), (6,18,4), (7,18,4), (4,19,4), (5,19,4), (6,19,4), (7,19,4)

Brick ID: 141
Position: (0, 20, 4)
Size: (4 x 2)
Voxels: (0,20,4), (1,20,4), (2,20,4), (3,20,4), (0,21,4), (1,21,4), (2,21,4), (3,21,4)

Brick ID: 142
Position: (4, 20, 4)
Size: (4 x 2)
Voxels: (4,20,4), (5,20,4), (6,20,4), (7,20,4), (4,21,4), (5,21,4), (6,21,4), (7,21,4)

Brick ID: 143
Position: (0, 22, 4)
Size: (4 x 2)
Voxels: (0,22,4), (1,22,4), (2,22,4), (3,22,4), (0,23,4), (1,23,4), (2,23,4), (3,23,4)

Brick ID: 144
Position: (4, 22, 4)
Size: (4 x 2)
Voxels: (4,22,4), (5,22,4), (6,22,4), (7,22,4), (4,23,4), (5,23,4), (6,23,4), (7,23,4)

Brick ID: 145
Position: (0, 24, 4)
Size: (4 x 2)
Voxels: (0,24,4), (1,24,4), (2,24,4), (3,24,4), (0,25,4), (1,25,4), (2,25,4), (3,25,4)

Brick ID: 146
Position: (4, 24, 4)
Size: (4 x 2)
Voxels: (4,24,4), (5,24,4), (6,24,4), (7,24,4), (4,25,4), (5,25,4), (6,25,4), (7,25,4)

Brick ID: 147
Position: (0, 26, 4)
Size: (4 x 2)
Voxels: (0,26,4), (1,26,4), (2,26,4), (3,26,4), (0,27,4), (1,27,4), (2,27,4), (3,27,4)

Brick ID: 148
Position: (4, 26, 4)
Size: (4 x 2)
Voxels: (4,26,4), (5,26,4), (6,26,4), (7,26,4), (4,27,4), (5,27,4), (6,27,4), (7,27,4)

Brick ID: 149
Position: (0, 28, 4)
Size: (4 x 2)
Voxels: (0,28,4), (1,28,4), (2,28,4), (3,28,4), (0,29,4), (1,29,4), (2,29,4), (3,29,4)

Brick ID: 150
Position: (4, 28, 4)
Size: (4 x 2)
Voxels: (4,28,4), (5,28,4), (6,28,4), (7,28,4), (4,29,4), (5,29,4), (6,29,4), (7,29,4)

Brick ID: 151
Position: (0, 30, 4)
Size: (4 x 2)
Voxels: (0,30,4), (1,30,4), (2,30,4), (3,30,4), (0,31,4), (1,31,4), (2,31,4), (3,31,4)

Brick ID: 152
Position: (4, 30, 4)
Size: (4 x 2)
Voxels: (4,30,4), (5,30,4), (6,30,4), (7,30,4), (4,31,4), (5,31,4), (6,31,4), (7,31,4)

Brick ID: 153
Position: (0, 32, 4)
Size: (4 x 2)
Voxels: (0,32,4), (1,32,4), (2,32,4), (3,32,4), (0,33,4), (1,33,4), (2,33,4), (3,33,4)

Brick ID: 154
Position: (4, 32, 4)
Size: (4 x 2)
Voxels: (4,32,4), (5,32,4), (6,32,4), (7,32,4), (4,33,4), (5,33,4), (6,33,4), (7,33,4)

Brick ID: 155
Position: (0, 34, 4)
Size: (4 x 2)
Voxels: (0,34,4), (1,34,4), (2,34,4), (3,34,4), (0,35,4), (1,35,4), (2,35,4), (3,35,4)

Brick ID: 156
Position: (4, 34, 4)
Size: (4 x 2)
Voxels: (4,34,4), (5,34,4), (6,34,4), (7,34,4), (4,35,4), (5,35,4), (6,35,4), (7,35,4)

Brick ID: 157
Position: (0, 36, 4)
Size: (4 x 2)
Voxels: (0,36,4), (1,36,4), (2,36,4), (3,36,4), (0,37,4), (1,37,4), (2,37,4), (3,37,4)

Brick ID: 158
Position: (4, 36, 4)
Size: (4 x 2)
Voxels: (4,36,4), (5,36,4), (6,36,4), (7,36,4), (4,37,4), (5,37,4), (6,37,4), (7,37,4)

Brick ID: 159
Position: (0, 38, 4)
Size: (4 x 2)
Voxels: (0,38,4), (1,38,4), (2,38,4), (3,38,4), (0,39,4), (1,39,4), (2,39,4), (3,39,4)

Brick ID: 160
Position: (4, 38, 4)
Size: (4 x 2)
Voxels: (4,38,4), (5,38,4), (6,38,4), (7,38,4), (4,39,4), (5,39,4), (6,39,4), (7,39,4)

Brick ID: 161
Position: (0, 40, 4)
Size: (4 x 2)
Voxels: (0,40,4), (1,40,4), (2,40,4), (3,40,4), (0,41,4), (1,41,4), (2,41,4), (3,41,4)

Brick ID: 162
Position: (4, 40, 4)
Size: (4 x 2)
Voxels: (4,40,4), (5,40,4), (6,40,4), (7,40,4), (4,41,4), (5,41,4), (6,41,4), (7,41,4)

Brick ID: 163
Position: (1, 42, 4)
Size: (4 x 2)
Voxels: (1,42,4), (2,42,4), (3,42,4), (4,42,4), (1,43,4), (2,43,4), (3,43,4), (4,43,4)

Brick ID: 164
Position: (5, 42, 4)
Size: (4 x 2)
Voxels: (5,42,4), (6,42,4), (7,42,4), (8,42,4), (5,43,4), (6,43,4), (7,43,4), (8,43,4)

Brick ID: 165
Position: (1, 44, 4)
Size: (4 x 2)
Voxels: (1,44,4), (2,44,4), (3,44,4), (4,44,4), (1,45,4), (2,45,4), (3,45,4), (4,45,4)

Brick ID: 166
Position: (5, 44, 4)
Size: (4 x 2)
Voxels: (5,44,4), (6,44,4), (7,44,4), (8,44,4), (5,45,4), (6,45,4), (7,45,4), (8,45,4)

Brick ID: 167
Position: (2, 46, 4)
Size: (4 x 2)
Voxels: (2,46,4), (3,46,4), (4,46,4), (5,46,4), (2,47,4), (3,47,4), (4,47,4), (5,47,4)

Brick ID: 168
Position: (8, 18, 4)
Size: (2 x 4)
Voxels: (8,18,4), (9,18,4), (8,19,4), (9,19,4), (8,20,4), (9,20,4), (8,21,4), (9,21,4)

Brick ID: 169
Position: (8, 22, 4)
Size: (2 x 4)
Voxels: (8,22,4), (9,22,4), (8,23,4), (9,23,4), (8,24,4), (9,24,4), (8,25,4), (9,25,4)

Brick ID: 170
Position: (8, 26, 4)
Size: (2 x 4)
Voxels: (8,26,4), (9,26,4), (8,27,4), (9,27,4), (8,28,4), (9,28,4), (8,29,4), (9,29,4)

Brick ID: 171
Position: (8, 30, 4)
Size: (2 x 4)
Voxels: (8,30,4), (9,30,4), (8,31,4), (9,31,4), (8,32,4), (9,32,4), (8,33,4), (9,33,4)

Brick ID: 172
Position: (8, 34, 4)
Size: (2 x 4)
Voxels: (8,34,4), (9,34,4), (8,35,4), (9,35,4), (8,36,4), (9,36,4), (8,37,4), (9,37,4)

Brick ID: 173
Position: (8, 38, 4)
Size: (2 x 4)
Voxels: (8,38,4), (9,38,4), (8,39,4), (9,39,4), (8,40,4), (9,40,4), (8,41,4), (9,41,4)

Brick ID: 174
Position: (7, 14, 4)
Size: (1 x 2)
Voxels: (7,14,4), (7,15,4)

Brick ID: 175
Position: (9, 16, 4)
Size: (1 x 2)
Voxels: (9,16,4), (9,17,4)

Brick ID: 176
Position: (10, 19, 4)
Size: (1 x 2)
Voxels: (10,19,4), (10,20,4)

Brick ID: 177
Position: (10, 21, 4)
Size: (1 x 2)
Voxels: (10,21,4), (10,22,4)

Brick ID: 178
Position: (10, 23, 4)
Size: (1 x 2)
Voxels: (10,23,4), (10,24,4)

Brick ID: 179
Position: (10, 25, 4)
Size: (1 x 2)
Voxels: (10,25,4), (10,26,4)

Brick ID: 180
Position: (10, 27, 4)
Size: (1 x 2)
Voxels: (10,27,4), (10,28,4)

Brick ID: 181
Position: (10, 29, 4)
Size: (1 x 2)
Voxels: (10,29,4), (10,30,4)

Brick ID: 182
Position: (10, 31, 4)
Size: (1 x 2)
Voxels: (10,31,4), (10,32,4)

Brick ID: 183
Position: (9, 42, 4)
Size: (1 x 2)
Voxels: (9,42,4), (9,43,4)

Brick ID: 184
Position: (6, 46, 4)
Size: (1 x 2)
Voxels: (6,46,4), (6,47,4)

Brick ID: 185
Position: (7, 46, 4)
Size: (1 x 2)
Voxels: (7,46,4), (7,47,4)

Brick ID: 186
Position: (4, 13, 4)
Size: (2 x 1)
Voxels: (4,13,4), (5,13,4)

Brick ID: 187
Position: (3, 48, 4)
Size: (2 x 1)
Voxels: (3,48,4), (4,48,4)

Brick ID: 188
Position: (5, 48, 4)
Size: (2 x 1)
Voxels: (5,48,4), (6,48,4)

Brick ID: 189
Position: (6, 13, 4)
Size: (1 x 1)
Voxels: (6,13,4)

Brick ID: 190
Position: (2, 15, 4)
Size: (1 x 1)
Voxels: (2,15,4)

Brick ID: 191
Position: (8, 15, 4)
Size: (1 x 1)
Voxels: (8,15,4)

Brick ID: 192
Position: (10, 33, 4)
Size: (1 x 1)
Voxels: (10,33,4)

Brick ID: 193
Position: (8, 46, 4)
Size: (1 x 1)
Voxels: (8,46,4)

Brick ID: 194
Position: (2, 13, 5)
Size: (4 x 2)
Voxels: (2,13,5), (3,13,5), (4,13,5), (5,13,5), (2,14,5), (3,14,5), (4,14,5), (5,14,5)

Brick ID: 195
Position: (1, 15, 5)
Size: (4 x 2)
Voxels: (1,15,5), (2,15,5), (3,15,5), (4,15,5), (1,16,5), (2,16,5), (3,16,5), (4,16,5)

Brick ID: 196
Position: (5, 15, 5)
Size: (4 x 2)
Voxels: (5,15,5), (6,15,5), (7,15,5), (8,15,5), (5,16,5), (6,16,5), (7,16,5), (8,16,5)

Brick ID: 197
Position: (0, 17, 5)
Size: (4 x 2)
Voxels: (0,17,5), (1,17,5), (2,17,5), (3,17,5), (0,18,5), (1,18,5), (2,18,5), (3,18,5)

Brick ID: 198
Position: (4, 17, 5)
Size: (4 x 2)
Voxels: (4,17,5), (5,17,5), (6,17,5), (7,17,5), (4,18,5), (5,18,5), (6,18,5), (7,18,5)

Brick ID: 199
Position: (0, 19, 5)
Size: (4 x 2)
Voxels: (0,19,5), (1,19,5), (2,19,5), (3,19,5), (0,20,5), (1,20,5), (2,20,5), (3,20,5)

Brick ID: 200
Position: (4, 19, 5)
Size: (4 x 2)
Voxels: (4,19,5), (5,19,5), (6,19,5), (7,19,5), (4,20,5), (5,20,5), (6,20,5), (7,20,5)

Brick ID: 201
Position: (0, 21, 5)
Size: (4 x 2)
Voxels: (0,21,5), (1,21,5), (2,21,5), (3,21,5), (0,22,5), (1,22,5), (2,22,5), (3,22,5)

Brick ID: 202
Position: (4, 21, 5)
Size: (4 x 2)
Voxels: (4,21,5), (5,21,5), (6,21,5), (7,21,5), (4,22,5), (5,22,5), (6,22,5), (7,22,5)

Brick ID: 203
Position: (0, 23, 5)
Size: (4 x 2)
Voxels: (0,23,5), (1,23,5), (2,23,5), (3,23,5), (0,24,5), (1,24,5), (2,24,5), (3,24,5)

Brick ID: 204
Position: (4, 23, 5)
Size: (4 x 2)
Voxels: (4,23,5), (5,23,5), (6,23,5), (7,23,5), (4,24,5), (5,24,5), (6,24,5), (7,24,5)

Brick ID: 205
Position: (0, 25, 5)
Size: (4 x 2)
Voxels: (0,25,5), (1,25,5), (2,25,5), (3,25,5), (0,26,5), (1,26,5), (2,26,5), (3,26,5)

Brick ID: 206
Position: (4, 25, 5)
Size: (4 x 2)
Voxels: (4,25,5), (5,25,5), (6,25,5), (7,25,5), (4,26,5), (5,26,5), (6,26,5), (7,26,5)

Brick ID: 207
Position: (0, 27, 5)
Size: (4 x 2)
Voxels: (0,27,5), (1,27,5), (2,27,5), (3,27,5), (0,28,5), (1,28,5), (2,28,5), (3,28,5)

Brick ID: 208
Position: (4, 27, 5)
Size: (4 x 2)
Voxels: (4,27,5), (5,27,5), (6,27,5), (7,27,5), (4,28,5), (5,28,5), (6,28,5), (7,28,5)

Brick ID: 209
Position: (0, 29, 5)
Size: (4 x 2)
Voxels: (0,29,5), (1,29,5), (2,29,5), (3,29,5), (0,30,5), (1,30,5), (2,30,5), (3,30,5)

Brick ID: 210
Position: (4, 29, 5)
Size: (4 x 2)
Voxels: (4,29,5), (5,29,5), (6,29,5), (7,29,5), (4,30,5), (5,30,5), (6,30,5), (7,30,5)

Brick ID: 211
Position: (0, 31, 5)
Size: (4 x 2)
Voxels: (0,31,5), (1,31,5), (2,31,5), (3,31,5), (0,32,5), (1,32,5), (2,32,5), (3,32,5)

Brick ID: 212
Position: (4, 31, 5)
Size: (4 x 2)
Voxels: (4,31,5), (5,31,5), (6,31,5), (7,31,5), (4,32,5), (5,32,5), (6,32,5), (7,32,5)

Brick ID: 213
Position: (0, 33, 5)
Size: (4 x 2)
Voxels: (0,33,5), (1,33,5), (2,33,5), (3,33,5), (0,34,5), (1,34,5), (2,34,5), (3,34,5)

Brick ID: 214
Position: (4, 33, 5)
Size: (4 x 2)
Voxels: (4,33,5), (5,33,5), (6,33,5), (7,33,5), (4,34,5), (5,34,5), (6,34,5), (7,34,5)

Brick ID: 215
Position: (0, 35, 5)
Size: (4 x 2)
Voxels: (0,35,5), (1,35,5), (2,35,5), (3,35,5), (0,36,5), (1,36,5), (2,36,5), (3,36,5)

Brick ID: 216
Position: (4, 35, 5)
Size: (4 x 2)
Voxels: (4,35,5), (5,35,5), (6,35,5), (7,35,5), (4,36,5), (5,36,5), (6,36,5), (7,36,5)

Brick ID: 217
Position: (0, 37, 5)
Size: (4 x 2)
Voxels: (0,37,5), (1,37,5), (2,37,5), (3,37,5), (0,38,5), (1,38,5), (2,38,5), (3,38,5)

Brick ID: 218
Position: (4, 37, 5)
Size: (4 x 2)
Voxels: (4,37,5), (5,37,5), (6,37,5), (7,37,5), (4,38,5), (5,38,5), (6,38,5), (7,38,5)

Brick ID: 219
Position: (0, 39, 5)
Size: (4 x 2)
Voxels: (0,39,5), (1,39,5), (2,39,5), (3,39,5), (0,40,5), (1,40,5), (2,40,5), (3,40,5)

Brick ID: 220
Position: (4, 39, 5)
Size: (4 x 2)
Voxels: (4,39,5), (5,39,5), (6,39,5), (7,39,5), (4,40,5), (5,40,5), (6,40,5), (7,40,5)

Brick ID: 221
Position: (1, 41, 5)
Size: (4 x 2)
Voxels: (1,41,5), (2,41,5), (3,41,5), (4,41,5), (1,42,5), (2,42,5), (3,42,5), (4,42,5)

Brick ID: 222
Position: (5, 41, 5)
Size: (4 x 2)
Voxels: (5,41,5), (6,41,5), (7,41,5), (8,41,5), (5,42,5), (6,42,5), (7,42,5), (8,42,5)

Brick ID: 223
Position: (1, 43, 5)
Size: (4 x 2)
Voxels: (1,43,5), (2,43,5), (3,43,5), (4,43,5), (1,44,5), (2,44,5), (3,44,5), (4,44,5)

Brick ID: 224
Position: (5, 43, 5)
Size: (4 x 2)
Voxels: (5,43,5), (6,43,5), (7,43,5), (8,43,5), (5,44,5), (6,44,5), (7,44,5), (8,44,5)

Brick ID: 225
Position: (1, 45, 5)
Size: (4 x 2)
Voxels: (1,45,5), (2,45,5), (3,45,5), (4,45,5), (1,46,5), (2,46,5), (3,46,5), (4,46,5)

Brick ID: 226
Position: (5, 45, 5)
Size: (4 x 2)
Voxels: (5,45,5), (6,45,5), (7,45,5), (8,45,5), (5,46,5), (6,46,5), (7,46,5), (8,46,5)

Brick ID: 227
Position: (2, 47, 5)
Size: (4 x 2)
Voxels: (2,47,5), (3,47,5), (4,47,5), (5,47,5), (2,48,5), (3,48,5), (4,48,5), (5,48,5)

Brick ID: 228
Position: (8, 17, 5)
Size: (2 x 4)
Voxels: (8,17,5), (9,17,5), (8,18,5), (9,18,5), (8,19,5), (9,19,5), (8,20,5), (9,20,5)

Brick ID: 229
Position: (8, 21, 5)
Size: (2 x 4)
Voxels: (8,21,5), (9,21,5), (8,22,5), (9,22,5), (8,23,5), (9,23,5), (8,24,5), (9,24,5)

Brick ID: 230
Position: (8, 25, 5)
Size: (2 x 4)
Voxels: (8,25,5), (9,25,5), (8,26,5), (9,26,5), (8,27,5), (9,27,5), (8,28,5), (9,28,5)

Brick ID: 231
Position: (8, 29, 5)
Size: (2 x 4)
Voxels: (8,29,5), (9,29,5), (8,30,5), (9,30,5), (8,31,5), (9,31,5), (8,32,5), (9,32,5)

Brick ID: 232
Position: (8, 33, 5)
Size: (2 x 4)
Voxels: (8,33,5), (9,33,5), (8,34,5), (9,34,5), (8,35,5), (9,35,5), (8,36,5), (9,36,5)

Brick ID: 233
Position: (8, 37, 5)
Size: (2 x 4)
Voxels: (8,37,5), (9,37,5), (8,38,5), (9,38,5), (8,39,5), (9,39,5), (8,40,5), (9,40,5)

Brick ID: 234
Position: (6, 12, 5)
Size: (1 x 2)
Voxels: (6,12,5), (6,13,5)

Brick ID: 235
Position: (7, 13, 5)
Size: (1 x 2)
Voxels: (7,13,5), (7,14,5)

Brick ID: 236
Position: (9, 15, 5)
Size: (1 x 2)
Voxels: (9,15,5), (9,16,5)

Brick ID: 237
Position: (10, 17, 5)
Size: (1 x 2)
Voxels: (10,17,5), (10,18,5)

Brick ID: 238
Position: (10, 19, 5)
Size: (1 x 2)
Voxels: (10,19,5), (10,20,5)

Brick ID: 239
Position: (10, 21, 5)
Size: (1 x 2)
Voxels: (10,21,5), (10,22,5)

Brick ID: 240
Position: (10, 23, 5)
Size: (1 x 2)
Voxels: (10,23,5), (10,24,5)

Brick ID: 241
Position: (10, 25, 5)
Size: (1 x 2)
Voxels: (10,25,5), (10,26,5)

Brick ID: 242
Position: (10, 27, 5)
Size: (1 x 2)
Voxels: (10,27,5), (10,28,5)

Brick ID: 243
Position: (10, 29, 5)
Size: (1 x 2)
Voxels: (10,29,5), (10,30,5)

Brick ID: 244
Position: (10, 31, 5)
Size: (1 x 2)
Voxels: (10,31,5), (10,32,5)

Brick ID: 245
Position: (9, 41, 5)
Size: (1 x 2)
Voxels: (9,41,5), (9,42,5)

Brick ID: 246
Position: (9, 43, 5)
Size: (1 x 2)
Voxels: (9,43,5), (9,44,5)

Brick ID: 247
Position: (6, 47, 5)
Size: (1 x 2)
Voxels: (6,47,5), (6,48,5)

Brick ID: 248
Position: (7, 47, 5)
Size: (1 x 2)
Voxels: (7,47,5), (7,48,5)

Brick ID: 249
Position: (8, 47, 5)
Size: (1 x 2)
Voxels: (8,47,5), (8,48,5)

Brick ID: 250
Position: (4, 12, 5)
Size: (2 x 1)
Voxels: (4,12,5), (5,12,5)

Brick ID: 251
Position: (3, 49, 5)
Size: (2 x 1)
Voxels: (3,49,5), (4,49,5)

Brick ID: 252
Position: (5, 49, 5)
Size: (2 x 1)
Voxels: (5,49,5), (6,49,5)

Brick ID: 253
Position: (1, 14, 5)
Size: (1 x 1)
Voxels: (1,14,5)

Brick ID: 254
Position: (6, 14, 5)
Size: (1 x 1)
Voxels: (6,14,5)

Brick ID: 255
Position: (8, 14, 5)
Size: (1 x 1)
Voxels: (8,14,5)

Brick ID: 256
Position: (0, 16, 5)
Size: (1 x 1)
Voxels: (0,16,5)

Brick ID: 257
Position: (10, 33, 5)
Size: (1 x 1)
Voxels: (10,33,5)

Brick ID: 258
Position: (0, 41, 5)
Size: (1 x 1)
Voxels: (0,41,5)

Brick ID: 259
Position: (7, 49, 5)
Size: (1 x 1)
Voxels: (7,49,5)

Brick ID: 260
Position: (2, 12, 6)
Size: (4 x 2)
Voxels: (2,12,6), (3,12,6), (4,12,6), (5,12,6), (2,13,6), (3,13,6), (4,13,6), (5,13,6)

Brick ID: 261
Position: (1, 14, 6)
Size: (4 x 2)
Voxels: (1,14,6), (2,14,6), (3,14,6), (4,14,6), (1,15,6), (2,15,6), (3,15,6), (4,15,6)

Brick ID: 262
Position: (5, 14, 6)
Size: (4 x 2)
Voxels: (5,14,6), (6,14,6), (7,14,6), (8,14,6), (5,15,6), (6,15,6), (7,15,6), (8,15,6)

Brick ID: 263
Position: (0, 16, 6)
Size: (4 x 2)
Voxels: (0,16,6), (1,16,6), (2,16,6), (3,16,6), (0,17,6), (1,17,6), (2,17,6), (3,17,6)

Brick ID: 264
Position: (4, 16, 6)
Size: (4 x 2)
Voxels: (4,16,6), (5,16,6), (6,16,6), (7,16,6), (4,17,6), (5,17,6), (6,17,6), (7,17,6)

Brick ID: 265
Position: (0, 18, 6)
Size: (4 x 2)
Voxels: (0,18,6), (1,18,6), (2,18,6), (3,18,6), (0,19,6), (1,19,6), (2,19,6), (3,19,6)

Brick ID: 266
Position: (4, 18, 6)
Size: (4 x 2)
Voxels: (4,18,6), (5,18,6), (6,18,6), (7,18,6), (4,19,6), (5,19,6), (6,19,6), (7,19,6)

Brick ID: 267
Position: (0, 20, 6)
Size: (4 x 2)
Voxels: (0,20,6), (1,20,6), (2,20,6), (3,20,6), (0,21,6), (1,21,6), (2,21,6), (3,21,6)

Brick ID: 268
Position: (4, 20, 6)
Size: (4 x 2)
Voxels: (4,20,6), (5,20,6), (6,20,6), (7,20,6), (4,21,6), (5,21,6), (6,21,6), (7,21,6)

Brick ID: 269
Position: (0, 22, 6)
Size: (4 x 2)
Voxels: (0,22,6), (1,22,6), (2,22,6), (3,22,6), (0,23,6), (1,23,6), (2,23,6), (3,23,6)

Brick ID: 270
Position: (4, 22, 6)
Size: (4 x 2)
Voxels: (4,22,6), (5,22,6), (6,22,6), (7,22,6), (4,23,6), (5,23,6), (6,23,6), (7,23,6)

Brick ID: 271
Position: (0, 24, 6)
Size: (4 x 2)
Voxels: (0,24,6), (1,24,6), (2,24,6), (3,24,6), (0,25,6), (1,25,6), (2,25,6), (3,25,6)

Brick ID: 272
Position: (4, 24, 6)
Size: (4 x 2)
Voxels: (4,24,6), (5,24,6), (6,24,6), (7,24,6), (4,25,6), (5,25,6), (6,25,6), (7,25,6)

Brick ID: 273
Position: (0, 26, 6)
Size: (4 x 2)
Voxels: (0,26,6), (1,26,6), (2,26,6), (3,26,6), (0,27,6), (1,27,6), (2,27,6), (3,27,6)

Brick ID: 274
Position: (4, 26, 6)
Size: (4 x 2)
Voxels: (4,26,6), (5,26,6), (6,26,6), (7,26,6), (4,27,6), (5,27,6), (6,27,6), (7,27,6)

Brick ID: 275
Position: (0, 28, 6)
Size: (4 x 2)
Voxels: (0,28,6), (1,28,6), (2,28,6), (3,28,6), (0,29,6), (1,29,6), (2,29,6), (3,29,6)

Brick ID: 276
Position: (4, 28, 6)
Size: (4 x 2)
Voxels: (4,28,6), (5,28,6), (6,28,6), (7,28,6), (4,29,6), (5,29,6), (6,29,6), (7,29,6)

Brick ID: 277
Position: (0, 30, 6)
Size: (4 x 2)
Voxels: (0,30,6), (1,30,6), (2,30,6), (3,30,6), (0,31,6), (1,31,6), (2,31,6), (3,31,6)

Brick ID: 278
Position: (4, 30, 6)
Size: (4 x 2)
Voxels: (4,30,6), (5,30,6), (6,30,6), (7,30,6), (4,31,6), (5,31,6), (6,31,6), (7,31,6)

Brick ID: 279
Position: (0, 32, 6)
Size: (4 x 2)
Voxels: (0,32,6), (1,32,6), (2,32,6), (3,32,6), (0,33,6), (1,33,6), (2,33,6), (3,33,6)

Brick ID: 280
Position: (4, 32, 6)
Size: (4 x 2)
Voxels: (4,32,6), (5,32,6), (6,32,6), (7,32,6), (4,33,6), (5,33,6), (6,33,6), (7,33,6)

Brick ID: 281
Position: (0, 34, 6)
Size: (4 x 2)
Voxels: (0,34,6), (1,34,6), (2,34,6), (3,34,6), (0,35,6), (1,35,6), (2,35,6), (3,35,6)

Brick ID: 282
Position: (4, 34, 6)
Size: (4 x 2)
Voxels: (4,34,6), (5,34,6), (6,34,6), (7,34,6), (4,35,6), (5,35,6), (6,35,6), (7,35,6)

Brick ID: 283
Position: (0, 36, 6)
Size: (4 x 2)
Voxels: (0,36,6), (1,36,6), (2,36,6), (3,36,6), (0,37,6), (1,37,6), (2,37,6), (3,37,6)

Brick ID: 284
Position: (4, 36, 6)
Size: (4 x 2)
Voxels: (4,36,6), (5,36,6), (6,36,6), (7,36,6), (4,37,6), (5,37,6), (6,37,6), (7,37,6)

Brick ID: 285
Position: (0, 38, 6)
Size: (4 x 2)
Voxels: (0,38,6), (1,38,6), (2,38,6), (3,38,6), (0,39,6), (1,39,6), (2,39,6), (3,39,6)

Brick ID: 286
Position: (4, 38, 6)
Size: (4 x 2)
Voxels: (4,38,6), (5,38,6), (6,38,6), (7,38,6), (4,39,6), (5,39,6), (6,39,6), (7,39,6)

Brick ID: 287
Position: (0, 40, 6)
Size: (4 x 2)
Voxels: (0,40,6), (1,40,6), (2,40,6), (3,40,6), (0,41,6), (1,41,6), (2,41,6), (3,41,6)

Brick ID: 288
Position: (4, 40, 6)
Size: (4 x 2)
Voxels: (4,40,6), (5,40,6), (6,40,6), (7,40,6), (4,41,6), (5,41,6), (6,41,6), (7,41,6)

Brick ID: 289
Position: (1, 42, 6)
Size: (4 x 2)
Voxels: (1,42,6), (2,42,6), (3,42,6), (4,42,6), (1,43,6), (2,43,6), (3,43,6), (4,43,6)

Brick ID: 290
Position: (5, 42, 6)
Size: (4 x 2)
Voxels: (5,42,6), (6,42,6), (7,42,6), (8,42,6), (5,43,6), (6,43,6), (7,43,6), (8,43,6)

Brick ID: 291
Position: (1, 44, 6)
Size: (4 x 2)
Voxels: (1,44,6), (2,44,6), (3,44,6), (4,44,6), (1,45,6), (2,45,6), (3,45,6), (4,45,6)

Brick ID: 292
Position: (5, 44, 6)
Size: (4 x 2)
Voxels: (5,44,6), (6,44,6), (7,44,6), (8,44,6), (5,45,6), (6,45,6), (7,45,6), (8,45,6)

Brick ID: 293
Position: (2, 46, 6)
Size: (4 x 2)
Voxels: (2,46,6), (3,46,6), (4,46,6), (5,46,6), (2,47,6), (3,47,6), (4,47,6), (5,47,6)

Brick ID: 294
Position: (3, 48, 6)
Size: (4 x 2)
Voxels: (3,48,6), (4,48,6), (5,48,6), (6,48,6), (3,49,6), (4,49,6), (5,49,6), (6,49,6)

Brick ID: 295
Position: (8, 16, 6)
Size: (2 x 4)
Voxels: (8,16,6), (9,16,6), (8,17,6), (9,17,6), (8,18,6), (9,18,6), (8,19,6), (9,19,6)

Brick ID: 296
Position: (8, 20, 6)
Size: (2 x 4)
Voxels: (8,20,6), (9,20,6), (8,21,6), (9,21,6), (8,22,6), (9,22,6), (8,23,6), (9,23,6)

Brick ID: 297
Position: (8, 24, 6)
Size: (2 x 4)
Voxels: (8,24,6), (9,24,6), (8,25,6), (9,25,6), (8,26,6), (9,26,6), (8,27,6), (9,27,6)

Brick ID: 298
Position: (8, 28, 6)
Size: (2 x 4)
Voxels: (8,28,6), (9,28,6), (8,29,6), (9,29,6), (8,30,6), (9,30,6), (8,31,6), (9,31,6)

Brick ID: 299
Position: (8, 32, 6)
Size: (2 x 4)
Voxels: (8,32,6), (9,32,6), (8,33,6), (9,33,6), (8,34,6), (9,34,6), (8,35,6), (9,35,6)

Brick ID: 300
Position: (8, 36, 6)
Size: (2 x 4)
Voxels: (8,36,6), (9,36,6), (8,37,6), (9,37,6), (8,38,6), (9,38,6), (8,39,6), (9,39,6)

Brick ID: 301
Position: (6, 11, 6)
Size: (1 x 2)
Voxels: (6,11,6), (6,12,6)

Brick ID: 302
Position: (7, 12, 6)
Size: (1 x 2)
Voxels: (7,12,6), (7,13,6)

Brick ID: 303
Position: (8, 12, 6)
Size: (1 x 2)
Voxels: (8,12,6), (8,13,6)

Brick ID: 304
Position: (9, 14, 6)
Size: (1 x 2)
Voxels: (9,14,6), (9,15,6)

Brick ID: 305
Position: (10, 16, 6)
Size: (1 x 2)
Voxels: (10,16,6), (10,17,6)

Brick ID: 306
Position: (10, 18, 6)
Size: (1 x 2)
Voxels: (10,18,6), (10,19,6)

Brick ID: 307
Position: (10, 20, 6)
Size: (1 x 2)
Voxels: (10,20,6), (10,21,6)

Brick ID: 308
Position: (10, 22, 6)
Size: (1 x 2)
Voxels: (10,22,6), (10,23,6)

Brick ID: 309
Position: (10, 24, 6)
Size: (1 x 2)
Voxels: (10,24,6), (10,25,6)

Brick ID: 310
Position: (10, 26, 6)
Size: (1 x 2)
Voxels: (10,26,6), (10,27,6)

Brick ID: 311
Position: (10, 28, 6)
Size: (1 x 2)
Voxels: (10,28,6), (10,29,6)

Brick ID: 312
Position: (10, 30, 6)
Size: (1 x 2)
Voxels: (10,30,6), (10,31,6)

Brick ID: 313
Position: (8, 40, 6)
Size: (1 x 2)
Voxels: (8,40,6), (8,41,6)

Brick ID: 314
Position: (9, 40, 6)
Size: (1 x 2)
Voxels: (9,40,6), (9,41,6)

Brick ID: 315
Position: (9, 42, 6)
Size: (1 x 2)
Voxels: (9,42,6), (9,43,6)

Brick ID: 316
Position: (6, 46, 6)
Size: (1 x 2)
Voxels: (6,46,6), (6,47,6)

Brick ID: 317
Position: (7, 46, 6)
Size: (1 x 2)
Voxels: (7,46,6), (7,47,6)

Brick ID: 318
Position: (8, 46, 6)
Size: (1 x 2)
Voxels: (8,46,6), (8,47,6)

Brick ID: 319
Position: (7, 48, 6)
Size: (1 x 2)
Voxels: (7,48,6), (7,49,6)

Brick ID: 320
Position: (4, 11, 6)
Size: (2 x 1)
Voxels: (4,11,6), (5,11,6)

Brick ID: 321
Position: (4, 50, 6)
Size: (2 x 1)
Voxels: (4,50,6), (5,50,6)

Brick ID: 322
Position: (1, 13, 6)
Size: (1 x 1)
Voxels: (1,13,6)

Brick ID: 323
Position: (6, 13, 6)
Size: (1 x 1)
Voxels: (6,13,6)

Brick ID: 324
Position: (0, 15, 6)
Size: (1 x 1)
Voxels: (0,15,6)

Brick ID: 325
Position: (10, 32, 6)
Size: (1 x 1)
Voxels: (10,32,6)

Brick ID: 326
Position: (9, 44, 6)
Size: (1 x 1)
Voxels: (9,44,6)

Brick ID: 327
Position: (1, 46, 6)
Size: (1 x 1)
Voxels: (1,46,6)

Brick ID: 328
Position: (2, 48, 6)
Size: (1 x 1)
Voxels: (2,48,6)

Brick ID: 329
Position: (8, 48, 6)
Size: (1 x 1)
Voxels: (8,48,6)

Brick ID: 330
Position: (6, 50, 6)
Size: (1 x 1)
Voxels: (6,50,6)

Brick ID: 331
Position: (3, 10, 7)
Size: (4 x 2)
Voxels: (3,10,7), (4,10,7), (5,10,7), (6,10,7), (3,11,7), (4,11,7), (5,11,7), (6,11,7)

Brick ID: 332
Position: (1, 12, 7)
Size: (4 x 2)
Voxels: (1,12,7), (2,12,7), (3,12,7), (4,12,7), (1,13,7), (2,13,7), (3,13,7), (4,13,7)

Brick ID: 333
Position: (5, 12, 7)
Size: (4 x 2)
Voxels: (5,12,7), (6,12,7), (7,12,7), (8,12,7), (5,13,7), (6,13,7), (7,13,7), (8,13,7)

Brick ID: 334
Position: (0, 14, 7)
Size: (4 x 2)
Voxels: (0,14,7), (1,14,7), (2,14,7), (3,14,7), (0,15,7), (1,15,7), (2,15,7), (3,15,7)

Brick ID: 335
Position: (4, 14, 7)
Size: (4 x 2)
Voxels: (4,14,7), (5,14,7), (6,14,7), (7,14,7), (4,15,7), (5,15,7), (6,15,7), (7,15,7)

Brick ID: 336
Position: (0, 16, 7)
Size: (4 x 2)
Voxels: (0,16,7), (1,16,7), (2,16,7), (3,16,7), (0,17,7), (1,17,7), (2,17,7), (3,17,7)

Brick ID: 337
Position: (4, 16, 7)
Size: (4 x 2)
Voxels: (4,16,7), (5,16,7), (6,16,7), (7,16,7), (4,17,7), (5,17,7), (6,17,7), (7,17,7)

Brick ID: 338
Position: (0, 18, 7)
Size: (4 x 2)
Voxels: (0,18,7), (1,18,7), (2,18,7), (3,18,7), (0,19,7), (1,19,7), (2,19,7), (3,19,7)

Brick ID: 339
Position: (4, 18, 7)
Size: (4 x 2)
Voxels: (4,18,7), (5,18,7), (6,18,7), (7,18,7), (4,19,7), (5,19,7), (6,19,7), (7,19,7)

Brick ID: 340
Position: (0, 20, 7)
Size: (4 x 2)
Voxels: (0,20,7), (1,20,7), (2,20,7), (3,20,7), (0,21,7), (1,21,7), (2,21,7), (3,21,7)

Brick ID: 341
Position: (4, 20, 7)
Size: (4 x 2)
Voxels: (4,20,7), (5,20,7), (6,20,7), (7,20,7), (4,21,7), (5,21,7), (6,21,7), (7,21,7)

Brick ID: 342
Position: (0, 22, 7)
Size: (4 x 2)
Voxels: (0,22,7), (1,22,7), (2,22,7), (3,22,7), (0,23,7), (1,23,7), (2,23,7), (3,23,7)

Brick ID: 343
Position: (4, 22, 7)
Size: (4 x 2)
Voxels: (4,22,7), (5,22,7), (6,22,7), (7,22,7), (4,23,7), (5,23,7), (6,23,7), (7,23,7)

Brick ID: 344
Position: (0, 24, 7)
Size: (4 x 2)
Voxels: (0,24,7), (1,24,7), (2,24,7), (3,24,7), (0,25,7), (1,25,7), (2,25,7), (3,25,7)

Brick ID: 345
Position: (4, 24, 7)
Size: (4 x 2)
Voxels: (4,24,7), (5,24,7), (6,24,7), (7,24,7), (4,25,7), (5,25,7), (6,25,7), (7,25,7)

Brick ID: 346
Position: (0, 26, 7)
Size: (4 x 2)
Voxels: (0,26,7), (1,26,7), (2,26,7), (3,26,7), (0,27,7), (1,27,7), (2,27,7), (3,27,7)

Brick ID: 347
Position: (4, 26, 7)
Size: (4 x 2)
Voxels: (4,26,7), (5,26,7), (6,26,7), (7,26,7), (4,27,7), (5,27,7), (6,27,7), (7,27,7)

Brick ID: 348
Position: (0, 28, 7)
Size: (4 x 2)
Voxels: (0,28,7), (1,28,7), (2,28,7), (3,28,7), (0,29,7), (1,29,7), (2,29,7), (3,29,7)

Brick ID: 349
Position: (4, 28, 7)
Size: (4 x 2)
Voxels: (4,28,7), (5,28,7), (6,28,7), (7,28,7), (4,29,7), (5,29,7), (6,29,7), (7,29,7)

Brick ID: 350
Position: (0, 30, 7)
Size: (4 x 2)
Voxels: (0,30,7), (1,30,7), (2,30,7), (3,30,7), (0,31,7), (1,31,7), (2,31,7), (3,31,7)

Brick ID: 351
Position: (4, 30, 7)
Size: (4 x 2)
Voxels: (4,30,7), (5,30,7), (6,30,7), (7,30,7), (4,31,7), (5,31,7), (6,31,7), (7,31,7)

Brick ID: 352
Position: (0, 32, 7)
Size: (4 x 2)
Voxels: (0,32,7), (1,32,7), (2,32,7), (3,32,7), (0,33,7), (1,33,7), (2,33,7), (3,33,7)

Brick ID: 353
Position: (4, 32, 7)
Size: (4 x 2)
Voxels: (4,32,7), (5,32,7), (6,32,7), (7,32,7), (4,33,7), (5,33,7), (6,33,7), (7,33,7)

Brick ID: 354
Position: (0, 34, 7)
Size: (4 x 2)
Voxels: (0,34,7), (1,34,7), (2,34,7), (3,34,7), (0,35,7), (1,35,7), (2,35,7), (3,35,7)

Brick ID: 355
Position: (4, 34, 7)
Size: (4 x 2)
Voxels: (4,34,7), (5,34,7), (6,34,7), (7,34,7), (4,35,7), (5,35,7), (6,35,7), (7,35,7)

Brick ID: 356
Position: (0, 36, 7)
Size: (4 x 2)
Voxels: (0,36,7), (1,36,7), (2,36,7), (3,36,7), (0,37,7), (1,37,7), (2,37,7), (3,37,7)

Brick ID: 357
Position: (4, 36, 7)
Size: (4 x 2)
Voxels: (4,36,7), (5,36,7), (6,36,7), (7,36,7), (4,37,7), (5,37,7), (6,37,7), (7,37,7)

Brick ID: 358
Position: (0, 38, 7)
Size: (4 x 2)
Voxels: (0,38,7), (1,38,7), (2,38,7), (3,38,7), (0,39,7), (1,39,7), (2,39,7), (3,39,7)

Brick ID: 359
Position: (4, 38, 7)
Size: (4 x 2)
Voxels: (4,38,7), (5,38,7), (6,38,7), (7,38,7), (4,39,7), (5,39,7), (6,39,7), (7,39,7)

Brick ID: 360
Position: (0, 40, 7)
Size: (4 x 2)
Voxels: (0,40,7), (1,40,7), (2,40,7), (3,40,7), (0,41,7), (1,41,7), (2,41,7), (3,41,7)

Brick ID: 361
Position: (4, 40, 7)
Size: (4 x 2)
Voxels: (4,40,7), (5,40,7), (6,40,7), (7,40,7), (4,41,7), (5,41,7), (6,41,7), (7,41,7)

Brick ID: 362
Position: (1, 42, 7)
Size: (4 x 2)
Voxels: (1,42,7), (2,42,7), (3,42,7), (4,42,7), (1,43,7), (2,43,7), (3,43,7), (4,43,7)

Brick ID: 363
Position: (5, 42, 7)
Size: (4 x 2)
Voxels: (5,42,7), (6,42,7), (7,42,7), (8,42,7), (5,43,7), (6,43,7), (7,43,7), (8,43,7)

Brick ID: 364
Position: (1, 44, 7)
Size: (4 x 2)
Voxels: (1,44,7), (2,44,7), (3,44,7), (4,44,7), (1,45,7), (2,45,7), (3,45,7), (4,45,7)

Brick ID: 365
Position: (5, 44, 7)
Size: (4 x 2)
Voxels: (5,44,7), (6,44,7), (7,44,7), (8,44,7), (5,45,7), (6,45,7), (7,45,7), (8,45,7)

Brick ID: 366
Position: (2, 46, 7)
Size: (4 x 2)
Voxels: (2,46,7), (3,46,7), (4,46,7), (5,46,7), (2,47,7), (3,47,7), (4,47,7), (5,47,7)

Brick ID: 367
Position: (2, 48, 7)
Size: (4 x 2)
Voxels: (2,48,7), (3,48,7), (4,48,7), (5,48,7), (2,49,7), (3,49,7), (4,49,7), (5,49,7)

Brick ID: 368
Position: (8, 14, 7)
Size: (2 x 4)
Voxels: (8,14,7), (9,14,7), (8,15,7), (9,15,7), (8,16,7), (9,16,7), (8,17,7), (9,17,7)

Brick ID: 369
Position: (8, 18, 7)
Size: (2 x 4)
Voxels: (8,18,7), (9,18,7), (8,19,7), (9,19,7), (8,20,7), (9,20,7), (8,21,7), (9,21,7)

Brick ID: 370
Position: (8, 22, 7)
Size: (2 x 4)
Voxels: (8,22,7), (9,22,7), (8,23,7), (9,23,7), (8,24,7), (9,24,7), (8,25,7), (9,25,7)

Brick ID: 371
Position: (8, 26, 7)
Size: (2 x 4)
Voxels: (8,26,7), (9,26,7), (8,27,7), (9,27,7), (8,28,7), (9,28,7), (8,29,7), (9,29,7)

Brick ID: 372
Position: (8, 30, 7)
Size: (2 x 4)
Voxels: (8,30,7), (9,30,7), (8,31,7), (9,31,7), (8,32,7), (9,32,7), (8,33,7), (9,33,7)

Brick ID: 373
Position: (8, 34, 7)
Size: (2 x 4)
Voxels: (8,34,7), (9,34,7), (8,35,7), (9,35,7), (8,36,7), (9,36,7), (8,37,7), (9,37,7)

Brick ID: 374
Position: (8, 38, 7)
Size: (2 x 4)
Voxels: (8,38,7), (9,38,7), (8,39,7), (9,39,7), (8,40,7), (9,40,7), (8,41,7), (9,41,7)

Brick ID: 375
Position: (6, 46, 7)
Size: (2 x 4)
Voxels: (6,46,7), (7,46,7), (6,47,7), (7,47,7), (6,48,7), (7,48,7), (6,49,7), (7,49,7)

Brick ID: 376
Position: (10, 15, 7)
Size: (1 x 2)
Voxels: (10,15,7), (10,16,7)

Brick ID: 377
Position: (10, 17, 7)
Size: (1 x 2)
Voxels: (10,17,7), (10,18,7)

Brick ID: 378
Position: (10, 19, 7)
Size: (1 x 2)
Voxels: (10,19,7), (10,20,7)

Brick ID: 379
Position: (10, 21, 7)
Size: (1 x 2)
Voxels: (10,21,7), (10,22,7)

Brick ID: 380
Position: (10, 23, 7)
Size: (1 x 2)
Voxels: (10,23,7), (10,24,7)

Brick ID: 381
Position: (10, 25, 7)
Size: (1 x 2)
Voxels: (10,25,7), (10,26,7)

Brick ID: 382
Position: (9, 42, 7)
Size: (1 x 2)
Voxels: (9,42,7), (9,43,7)

Brick ID: 383
Position: (8, 46, 7)
Size: (1 x 2)
Voxels: (8,46,7), (8,47,7)

Brick ID: 384
Position: (8, 48, 7)
Size: (1 x 2)
Voxels: (8,48,7), (8,49,7)

Brick ID: 385
Position: (7, 11, 7)
Size: (2 x 1)
Voxels: (7,11,7), (8,11,7)

Brick ID: 386
Position: (3, 50, 7)
Size: (2 x 1)
Voxels: (3,50,7), (4,50,7)

Brick ID: 387
Position: (5, 50, 7)
Size: (2 x 1)
Voxels: (5,50,7), (6,50,7)

Brick ID: 388
Position: (2, 11, 7)
Size: (1 x 1)
Voxels: (2,11,7)

Brick ID: 389
Position: (9, 13, 7)
Size: (1 x 1)
Voxels: (9,13,7)

Brick ID: 390
Position: (1, 46, 7)
Size: (1 x 1)
Voxels: (1,46,7)

Brick ID: 391
Position: (7, 50, 7)
Size: (1 x 1)
Voxels: (7,50,7)

Brick ID: 392
Position: (3, 9, 8)
Size: (4 x 2)
Voxels: (3,9,8), (4,9,8), (5,9,8), (6,9,8), (3,10,8), (4,10,8), (5,10,8), (6,10,8)

Brick ID: 393
Position: (1, 11, 8)
Size: (4 x 2)
Voxels: (1,11,8), (2,11,8), (3,11,8), (4,11,8), (1,12,8), (2,12,8), (3,12,8), (4,12,8)

Brick ID: 394
Position: (5, 11, 8)
Size: (4 x 2)
Voxels: (5,11,8), (6,11,8), (7,11,8), (8,11,8), (5,12,8), (6,12,8), (7,12,8), (8,12,8)

Brick ID: 395
Position: (0, 13, 8)
Size: (4 x 2)
Voxels: (0,13,8), (1,13,8), (2,13,8), (3,13,8), (0,14,8), (1,14,8), (2,14,8), (3,14,8)

Brick ID: 396
Position: (4, 13, 8)
Size: (4 x 2)
Voxels: (4,13,8), (5,13,8), (6,13,8), (7,13,8), (4,14,8), (5,14,8), (6,14,8), (7,14,8)

Brick ID: 397
Position: (0, 15, 8)
Size: (4 x 2)
Voxels: (0,15,8), (1,15,8), (2,15,8), (3,15,8), (0,16,8), (1,16,8), (2,16,8), (3,16,8)

Brick ID: 398
Position: (4, 15, 8)
Size: (4 x 2)
Voxels: (4,15,8), (5,15,8), (6,15,8), (7,15,8), (4,16,8), (5,16,8), (6,16,8), (7,16,8)

Brick ID: 399
Position: (0, 17, 8)
Size: (4 x 2)
Voxels: (0,17,8), (1,17,8), (2,17,8), (3,17,8), (0,18,8), (1,18,8), (2,18,8), (3,18,8)

Brick ID: 400
Position: (4, 17, 8)
Size: (4 x 2)
Voxels: (4,17,8), (5,17,8), (6,17,8), (7,17,8), (4,18,8), (5,18,8), (6,18,8), (7,18,8)

Brick ID: 401
Position: (0, 19, 8)
Size: (4 x 2)
Voxels: (0,19,8), (1,19,8), (2,19,8), (3,19,8), (0,20,8), (1,20,8), (2,20,8), (3,20,8)

Brick ID: 402
Position: (4, 19, 8)
Size: (4 x 2)
Voxels: (4,19,8), (5,19,8), (6,19,8), (7,19,8), (4,20,8), (5,20,8), (6,20,8), (7,20,8)

Brick ID: 403
Position: (0, 21, 8)
Size: (4 x 2)
Voxels: (0,21,8), (1,21,8), (2,21,8), (3,21,8), (0,22,8), (1,22,8), (2,22,8), (3,22,8)

Brick ID: 404
Position: (4, 21, 8)
Size: (4 x 2)
Voxels: (4,21,8), (5,21,8), (6,21,8), (7,21,8), (4,22,8), (5,22,8), (6,22,8), (7,22,8)

Brick ID: 405
Position: (1, 23, 8)
Size: (4 x 2)
Voxels: (1,23,8), (2,23,8), (3,23,8), (4,23,8), (1,24,8), (2,24,8), (3,24,8), (4,24,8)

Brick ID: 406
Position: (5, 23, 8)
Size: (4 x 2)
Voxels: (5,23,8), (6,23,8), (7,23,8), (8,23,8), (5,24,8), (6,24,8), (7,24,8), (8,24,8)

Brick ID: 407
Position: (1, 25, 8)
Size: (4 x 2)
Voxels: (1,25,8), (2,25,8), (3,25,8), (4,25,8), (1,26,8), (2,26,8), (3,26,8), (4,26,8)

Brick ID: 408
Position: (5, 25, 8)
Size: (4 x 2)
Voxels: (5,25,8), (6,25,8), (7,25,8), (8,25,8), (5,26,8), (6,26,8), (7,26,8), (8,26,8)

Brick ID: 409
Position: (1, 27, 8)
Size: (4 x 2)
Voxels: (1,27,8), (2,27,8), (3,27,8), (4,27,8), (1,28,8), (2,28,8), (3,28,8), (4,28,8)

Brick ID: 410
Position: (5, 27, 8)
Size: (4 x 2)
Voxels: (5,27,8), (6,27,8), (7,27,8), (8,27,8), (5,28,8), (6,28,8), (7,28,8), (8,28,8)

Brick ID: 411
Position: (2, 29, 8)
Size: (4 x 2)
Voxels: (2,29,8), (3,29,8), (4,29,8), (5,29,8), (2,30,8), (3,30,8), (4,30,8), (5,30,8)

Brick ID: 412
Position: (1, 31, 8)
Size: (4 x 2)
Voxels: (1,31,8), (2,31,8), (3,31,8), (4,31,8), (1,32,8), (2,32,8), (3,32,8), (4,32,8)

Brick ID: 413
Position: (5, 31, 8)
Size: (4 x 2)
Voxels: (5,31,8), (6,31,8), (7,31,8), (8,31,8), (5,32,8), (6,32,8), (7,32,8), (8,32,8)

Brick ID: 414
Position: (1, 33, 8)
Size: (4 x 2)
Voxels: (1,33,8), (2,33,8), (3,33,8), (4,33,8), (1,34,8), (2,34,8), (3,34,8), (4,34,8)

Brick ID: 415
Position: (5, 33, 8)
Size: (4 x 2)
Voxels: (5,33,8), (6,33,8), (7,33,8), (8,33,8), (5,34,8), (6,34,8), (7,34,8), (8,34,8)

Brick ID: 416
Position: (1, 35, 8)
Size: (4 x 2)
Voxels: (1,35,8), (2,35,8), (3,35,8), (4,35,8), (1,36,8), (2,36,8), (3,36,8), (4,36,8)

Brick ID: 417
Position: (5, 35, 8)
Size: (4 x 2)
Voxels: (5,35,8), (6,35,8), (7,35,8), (8,35,8), (5,36,8), (6,36,8), (7,36,8), (8,36,8)

Brick ID: 418
Position: (1, 37, 8)
Size: (4 x 2)
Voxels: (1,37,8), (2,37,8), (3,37,8), (4,37,8), (1,38,8), (2,38,8), (3,38,8), (4,38,8)

Brick ID: 419
Position: (5, 37, 8)
Size: (4 x 2)
Voxels: (5,37,8), (6,37,8), (7,37,8), (8,37,8), (5,38,8), (6,38,8), (7,38,8), (8,38,8)

Brick ID: 420
Position: (1, 39, 8)
Size: (4 x 2)
Voxels: (1,39,8), (2,39,8), (3,39,8), (4,39,8), (1,40,8), (2,40,8), (3,40,8), (4,40,8)

Brick ID: 421
Position: (5, 39, 8)
Size: (4 x 2)
Voxels: (5,39,8), (6,39,8), (7,39,8), (8,39,8), (5,40,8), (6,40,8), (7,40,8), (8,40,8)

Brick ID: 422
Position: (1, 41, 8)
Size: (4 x 2)
Voxels: (1,41,8), (2,41,8), (3,41,8), (4,41,8), (1,42,8), (2,42,8), (3,42,8), (4,42,8)

Brick ID: 423
Position: (5, 41, 8)
Size: (4 x 2)
Voxels: (5,41,8), (6,41,8), (7,41,8), (8,41,8), (5,42,8), (6,42,8), (7,42,8), (8,42,8)

Brick ID: 424
Position: (1, 43, 8)
Size: (4 x 2)
Voxels: (1,43,8), (2,43,8), (3,43,8), (4,43,8), (1,44,8), (2,44,8), (3,44,8), (4,44,8)

Brick ID: 425
Position: (5, 43, 8)
Size: (4 x 2)
Voxels: (5,43,8), (6,43,8), (7,43,8), (8,43,8), (5,44,8), (6,44,8), (7,44,8), (8,44,8)

Brick ID: 426
Position: (1, 45, 8)
Size: (4 x 2)
Voxels: (1,45,8), (2,45,8), (3,45,8), (4,45,8), (1,46,8), (2,46,8), (3,46,8), (4,46,8)

Brick ID: 427
Position: (5, 45, 8)
Size: (4 x 2)
Voxels: (5,45,8), (6,45,8), (7,45,8), (8,45,8), (5,46,8), (6,46,8), (7,46,8), (8,46,8)

Brick ID: 428
Position: (2, 47, 8)
Size: (4 x 2)
Voxels: (2,47,8), (3,47,8), (4,47,8), (5,47,8), (2,48,8), (3,48,8), (4,48,8), (5,48,8)

Brick ID: 429
Position: (3, 49, 8)
Size: (4 x 2)
Voxels: (3,49,8), (4,49,8), (5,49,8), (6,49,8), (3,50,8), (4,50,8), (5,50,8), (6,50,8)

Brick ID: 430
Position: (8, 13, 8)
Size: (2 x 4)
Voxels: (8,13,8), (9,13,8), (8,14,8), (9,14,8), (8,15,8), (9,15,8), (8,16,8), (9,16,8)

Brick ID: 431
Position: (8, 17, 8)
Size: (2 x 4)
Voxels: (8,17,8), (9,17,8), (8,18,8), (9,18,8), (8,19,8), (9,19,8), (8,20,8), (9,20,8)

Brick ID: 432
Position: (9, 11, 8)
Size: (1 x 2)
Voxels: (9,11,8), (9,12,8)

Brick ID: 433
Position: (10, 14, 8)
Size: (1 x 2)
Voxels: (10,14,8), (10,15,8)

Brick ID: 434
Position: (10, 16, 8)
Size: (1 x 2)
Voxels: (10,16,8), (10,17,8)

Brick ID: 435
Position: (10, 18, 8)
Size: (1 x 2)
Voxels: (10,18,8), (10,19,8)

Brick ID: 436
Position: (10, 20, 8)
Size: (1 x 2)
Voxels: (10,20,8), (10,21,8)

Brick ID: 437
Position: (8, 21, 8)
Size: (1 x 2)
Voxels: (8,21,8), (8,22,8)

Brick ID: 438
Position: (9, 21, 8)
Size: (1 x 2)
Voxels: (9,21,8), (9,22,8)

Brick ID: 439
Position: (9, 23, 8)
Size: (1 x 2)
Voxels: (9,23,8), (9,24,8)

Brick ID: 440
Position: (9, 25, 8)
Size: (1 x 2)
Voxels: (9,25,8), (9,26,8)

Brick ID: 441
Position: (6, 29, 8)
Size: (1 x 2)
Voxels: (6,29,8), (6,30,8)

Brick ID: 442
Position: (7, 29, 8)
Size: (1 x 2)
Voxels: (7,29,8), (7,30,8)

Brick ID: 443
Position: (8, 29, 8)
Size: (1 x 2)
Voxels: (8,29,8), (8,30,8)

Brick ID: 444
Position: (6, 47, 8)
Size: (1 x 2)
Voxels: (6,47,8), (6,48,8)

Brick ID: 445
Position: (7, 47, 8)
Size: (1 x 2)
Voxels: (7,47,8), (7,48,8)

Brick ID: 446
Position: (8, 47, 8)
Size: (1 x 2)
Voxels: (8,47,8), (8,48,8)

Brick ID: 447
Position: (7, 49, 8)
Size: (1 x 2)
Voxels: (7,49,8), (7,50,8)

Brick ID: 448
Position: (7, 10, 8)
Size: (2 x 1)
Voxels: (7,10,8), (8,10,8)

Brick ID: 449
Position: (2, 10, 8)
Size: (1 x 1)
Voxels: (2,10,8)

Brick ID: 450
Position: (10, 22, 8)
Size: (1 x 1)
Voxels: (10,22,8)

Brick ID: 451
Position: (9, 27, 8)
Size: (1 x 1)
Voxels: (9,27,8)

Brick ID: 452
Position: (2, 49, 8)
Size: (1 x 1)
Voxels: (2,49,8)

Brick ID: 453
Position: (8, 49, 8)
Size: (1 x 1)
Voxels: (8,49,8)

Brick ID: 454
Position: (2, 9, 9)
Size: (4 x 2)
Voxels: (2,9,9), (3,9,9), (4,9,9), (5,9,9), (2,10,9), (3,10,9), (4,10,9), (5,10,9)

Brick ID: 455
Position: (6, 10, 9)
Size: (4 x 2)
Voxels: (6,10,9), (7,10,9), (8,10,9), (9,10,9), (6,11,9), (7,11,9), (8,11,9), (9,11,9)

Brick ID: 456
Position: (1, 11, 9)
Size: (4 x 2)
Voxels: (1,11,9), (2,11,9), (3,11,9), (4,11,9), (1,12,9), (2,12,9), (3,12,9), (4,12,9)

Brick ID: 457
Position: (5, 12, 9)
Size: (4 x 2)
Voxels: (5,12,9), (6,12,9), (7,12,9), (8,12,9), (5,13,9), (6,13,9), (7,13,9), (8,13,9)

Brick ID: 458
Position: (0, 13, 9)
Size: (4 x 2)
Voxels: (0,13,9), (1,13,9), (2,13,9), (3,13,9), (0,14,9), (1,14,9), (2,14,9), (3,14,9)

Brick ID: 459
Position: (4, 14, 9)
Size: (4 x 2)
Voxels: (4,14,9), (5,14,9), (6,14,9), (7,14,9), (4,15,9), (5,15,9), (6,15,9), (7,15,9)

Brick ID: 460
Position: (0, 15, 9)
Size: (4 x 2)
Voxels: (0,15,9), (1,15,9), (2,15,9), (3,15,9), (0,16,9), (1,16,9), (2,16,9), (3,16,9)

Brick ID: 461
Position: (4, 16, 9)
Size: (4 x 2)
Voxels: (4,16,9), (5,16,9), (6,16,9), (7,16,9), (4,17,9), (5,17,9), (6,17,9), (7,17,9)

Brick ID: 462
Position: (0, 17, 9)
Size: (4 x 2)
Voxels: (0,17,9), (1,17,9), (2,17,9), (3,17,9), (0,18,9), (1,18,9), (2,18,9), (3,18,9)

Brick ID: 463
Position: (4, 18, 9)
Size: (4 x 2)
Voxels: (4,18,9), (5,18,9), (6,18,9), (7,18,9), (4,19,9), (5,19,9), (6,19,9), (7,19,9)

Brick ID: 464
Position: (1, 20, 9)
Size: (4 x 2)
Voxels: (1,20,9), (2,20,9), (3,20,9), (4,20,9), (1,21,9), (2,21,9), (3,21,9), (4,21,9)

Brick ID: 465
Position: (5, 20, 9)
Size: (4 x 2)
Voxels: (5,20,9), (6,20,9), (7,20,9), (8,20,9), (5,21,9), (6,21,9), (7,21,9), (8,21,9)

Brick ID: 466
Position: (1, 22, 9)
Size: (4 x 2)
Voxels: (1,22,9), (2,22,9), (3,22,9), (4,22,9), (1,23,9), (2,23,9), (3,23,9), (4,23,9)

Brick ID: 467
Position: (5, 22, 9)
Size: (4 x 2)
Voxels: (5,22,9), (6,22,9), (7,22,9), (8,22,9), (5,23,9), (6,23,9), (7,23,9), (8,23,9)

Brick ID: 468
Position: (2, 24, 9)
Size: (4 x 2)
Voxels: (2,24,9), (3,24,9), (4,24,9), (5,24,9), (2,25,9), (3,25,9), (4,25,9), (5,25,9)

Brick ID: 469
Position: (2, 26, 9)
Size: (4 x 2)
Voxels: (2,26,9), (3,26,9), (4,26,9), (5,26,9), (2,27,9), (3,27,9), (4,27,9), (5,27,9)

Brick ID: 470
Position: (3, 28, 9)
Size: (4 x 2)
Voxels: (3,28,9), (4,28,9), (5,28,9), (6,28,9), (3,29,9), (4,29,9), (5,29,9), (6,29,9)

Brick ID: 471
Position: (3, 30, 9)
Size: (4 x 2)
Voxels: (3,30,9), (4,30,9), (5,30,9), (6,30,9), (3,31,9), (4,31,9), (5,31,9), (6,31,9)

Brick ID: 472
Position: (3, 32, 9)
Size: (4 x 2)
Voxels: (3,32,9), (4,32,9), (5,32,9), (6,32,9), (3,33,9), (4,33,9), (5,33,9), (6,33,9)

Brick ID: 473
Position: (3, 34, 9)
Size: (4 x 2)
Voxels: (3,34,9), (4,34,9), (5,34,9), (6,34,9), (3,35,9), (4,35,9), (5,35,9), (6,35,9)

Brick ID: 474
Position: (2, 36, 9)
Size: (4 x 2)
Voxels: (2,36,9), (3,36,9), (4,36,9), (5,36,9), (2,37,9), (3,37,9), (4,37,9), (5,37,9)

Brick ID: 475
Position: (2, 38, 9)
Size: (4 x 2)
Voxels: (2,38,9), (3,38,9), (4,38,9), (5,38,9), (2,39,9), (3,39,9), (4,39,9), (5,39,9)

Brick ID: 476
Position: (2, 40, 9)
Size: (4 x 2)
Voxels: (2,40,9), (3,40,9), (4,40,9), (5,40,9), (2,41,9), (3,41,9), (4,41,9), (5,41,9)

Brick ID: 477
Position: (1, 42, 9)
Size: (4 x 2)
Voxels: (1,42,9), (2,42,9), (3,42,9), (4,42,9), (1,43,9), (2,43,9), (3,43,9), (4,43,9)

Brick ID: 478
Position: (5, 42, 9)
Size: (4 x 2)
Voxels: (5,42,9), (6,42,9), (7,42,9), (8,42,9), (5,43,9), (6,43,9), (7,43,9), (8,43,9)

Brick ID: 479
Position: (1, 44, 9)
Size: (4 x 2)
Voxels: (1,44,9), (2,44,9), (3,44,9), (4,44,9), (1,45,9), (2,45,9), (3,45,9), (4,45,9)

Brick ID: 480
Position: (5, 44, 9)
Size: (4 x 2)
Voxels: (5,44,9), (6,44,9), (7,44,9), (8,44,9), (5,45,9), (6,45,9), (7,45,9), (8,45,9)

Brick ID: 481
Position: (2, 46, 9)
Size: (4 x 2)
Voxels: (2,46,9), (3,46,9), (4,46,9), (5,46,9), (2,47,9), (3,47,9), (4,47,9), (5,47,9)

Brick ID: 482
Position: (2, 48, 9)
Size: (4 x 2)
Voxels: (2,48,9), (3,48,9), (4,48,9), (5,48,9), (2,49,9), (3,49,9), (4,49,9), (5,49,9)

Brick ID: 483
Position: (9, 13, 9)
Size: (2 x 4)
Voxels: (9,13,9), (10,13,9), (9,14,9), (10,14,9), (9,15,9), (10,15,9), (9,16,9), (10,16,9)

Brick ID: 484
Position: (9, 17, 9)
Size: (2 x 4)
Voxels: (9,17,9), (10,17,9), (9,18,9), (10,18,9), (9,19,9), (10,19,9), (9,20,9), (10,20,9)

Brick ID: 485
Position: (6, 24, 9)
Size: (2 x 4)
Voxels: (6,24,9), (7,24,9), (6,25,9), (7,25,9), (6,26,9), (7,26,9), (6,27,9), (7,27,9)

Brick ID: 486
Position: (6, 36, 9)
Size: (2 x 4)
Voxels: (6,36,9), (7,36,9), (6,37,9), (7,37,9), (6,38,9), (7,38,9), (6,39,9), (7,39,9)

Brick ID: 487
Position: (6, 46, 9)
Size: (2 x 4)
Voxels: (6,46,9), (7,46,9), (6,47,9), (7,47,9), (6,48,9), (7,48,9), (6,49,9), (7,49,9)

Brick ID: 488
Position: (6, 8, 9)
Size: (1 x 2)
Voxels: (6,8,9), (6,9,9)

Brick ID: 489
Position: (8, 14, 9)
Size: (1 x 2)
Voxels: (8,14,9), (8,15,9)

Brick ID: 490
Position: (8, 16, 9)
Size: (1 x 2)
Voxels: (8,16,9), (8,17,9)

Brick ID: 491
Position: (8, 18, 9)
Size: (1 x 2)
Voxels: (8,18,9), (8,19,9)

Brick ID: 492
Position: (9, 21, 9)
Size: (1 x 2)
Voxels: (9,21,9), (9,22,9)

Brick ID: 493
Position: (8, 24, 9)
Size: (1 x 2)
Voxels: (8,24,9), (8,25,9)

Brick ID: 494
Position: (7, 34, 9)
Size: (1 x 2)
Voxels: (7,34,9), (7,35,9)

Brick ID: 495
Position: (6, 40, 9)
Size: (1 x 2)
Voxels: (6,40,9), (6,41,9)

Brick ID: 496
Position: (7, 40, 9)
Size: (1 x 2)
Voxels: (7,40,9), (7,41,9)

Brick ID: 497
Position: (8, 46, 9)
Size: (1 x 2)
Voxels: (8,46,9), (8,47,9)

Brick ID: 498
Position: (4, 8, 9)
Size: (2 x 1)
Voxels: (4,8,9), (5,8,9)

Brick ID: 499
Position: (7, 9, 9)
Size: (2 x 1)
Voxels: (7,9,9), (8,9,9)

Brick ID: 500
Position: (1, 19, 9)
Size: (2 x 1)
Voxels: (1,19,9), (2,19,9)

Brick ID: 501
Position: (3, 50, 9)
Size: (2 x 1)
Voxels: (3,50,9), (4,50,9)

Brick ID: 502
Position: (5, 50, 9)
Size: (2 x 1)
Voxels: (5,50,9), (6,50,9)

Brick ID: 503
Position: (1, 10, 9)
Size: (1 x 1)
Voxels: (1,10,9)

Brick ID: 504
Position: (5, 11, 9)
Size: (1 x 1)
Voxels: (5,11,9)

Brick ID: 505
Position: (0, 12, 9)
Size: (1 x 1)
Voxels: (0,12,9)

Brick ID: 506
Position: (9, 12, 9)
Size: (1 x 1)
Voxels: (9,12,9)

Brick ID: 507
Position: (4, 13, 9)
Size: (1 x 1)
Voxels: (4,13,9)

Brick ID: 508
Position: (3, 19, 9)
Size: (1 x 1)
Voxels: (3,19,9)

Brick ID: 509
Position: (9, 23, 9)
Size: (1 x 1)
Voxels: (9,23,9)

Brick ID: 510
Position: (8, 26, 9)
Size: (1 x 1)
Voxels: (8,26,9)

Brick ID: 511
Position: (7, 28, 9)
Size: (1 x 1)
Voxels: (7,28,9)

Brick ID: 512
Position: (2, 35, 9)
Size: (1 x 1)
Voxels: (2,35,9)

Brick ID: 513
Position: (2, 8, 10)
Size: (4 x 2)
Voxels: (2,8,10), (3,8,10), (4,8,10), (5,8,10), (2,9,10), (3,9,10), (4,9,10), (5,9,10)

Brick ID: 514
Position: (6, 9, 10)
Size: (4 x 2)
Voxels: (6,9,10), (7,9,10), (8,9,10), (9,9,10), (6,10,10), (7,10,10), (8,10,10), (9,10,10)

Brick ID: 515
Position: (1, 10, 10)
Size: (4 x 2)
Voxels: (1,10,10), (2,10,10), (3,10,10), (4,10,10), (1,11,10), (2,11,10), (3,11,10), (4,11,10)

Brick ID: 516
Position: (5, 11, 10)
Size: (4 x 2)
Voxels: (5,11,10), (6,11,10), (7,11,10), (8,11,10), (5,12,10), (6,12,10), (7,12,10), (8,12,10)

Brick ID: 517
Position: (0, 12, 10)
Size: (4 x 2)
Voxels: (0,12,10), (1,12,10), (2,12,10), (3,12,10), (0,13,10), (1,13,10), (2,13,10), (3,13,10)

Brick ID: 518
Position: (4, 13, 10)
Size: (4 x 2)
Voxels: (4,13,10), (5,13,10), (6,13,10), (7,13,10), (4,14,10), (5,14,10), (6,14,10), (7,14,10)

Brick ID: 519
Position: (0, 14, 10)
Size: (4 x 2)
Voxels: (0,14,10), (1,14,10), (2,14,10), (3,14,10), (0,15,10), (1,15,10), (2,15,10), (3,15,10)

Brick ID: 520
Position: (4, 15, 10)
Size: (4 x 2)
Voxels: (4,15,10), (5,15,10), (6,15,10), (7,15,10), (4,16,10), (5,16,10), (6,16,10), (7,16,10)

Brick ID: 521
Position: (0, 16, 10)
Size: (4 x 2)
Voxels: (0,16,10), (1,16,10), (2,16,10), (3,16,10), (0,17,10), (1,17,10), (2,17,10), (3,17,10)

Brick ID: 522
Position: (4, 17, 10)
Size: (4 x 2)
Voxels: (4,17,10), (5,17,10), (6,17,10), (7,17,10), (4,18,10), (5,18,10), (6,18,10), (7,18,10)

Brick ID: 523
Position: (1, 19, 10)
Size: (4 x 2)
Voxels: (1,19,10), (2,19,10), (3,19,10), (4,19,10), (1,20,10), (2,20,10), (3,20,10), (4,20,10)

Brick ID: 524
Position: (5, 19, 10)
Size: (4 x 2)
Voxels: (5,19,10), (6,19,10), (7,19,10), (8,19,10), (5,20,10), (6,20,10), (7,20,10), (8,20,10)

Brick ID: 525
Position: (2, 21, 10)
Size: (4 x 2)
Voxels: (2,21,10), (3,21,10), (4,21,10), (5,21,10), (2,22,10), (3,22,10), (4,22,10), (5,22,10)

Brick ID: 526
Position: (3, 23, 10)
Size: (4 x 2)
Voxels: (3,23,10), (4,23,10), (5,23,10), (6,23,10), (3,24,10), (4,24,10), (5,24,10), (6,24,10)

Brick ID: 527
Position: (3, 43, 10)
Size: (4 x 2)
Voxels: (3,43,10), (4,43,10), (5,43,10), (6,43,10), (3,44,10), (4,44,10), (5,44,10), (6,44,10)

Brick ID: 528
Position: (3, 45, 10)
Size: (4 x 2)
Voxels: (3,45,10), (4,45,10), (5,45,10), (6,45,10), (3,46,10), (4,46,10), (5,46,10), (6,46,10)

Brick ID: 529
Position: (3, 47, 10)
Size: (4 x 2)
Voxels: (3,47,10), (4,47,10), (5,47,10), (6,47,10), (3,48,10), (4,48,10), (5,48,10), (6,48,10)

Brick ID: 530
Position: (9, 12, 10)
Size: (2 x 4)
Voxels: (9,12,10), (10,12,10), (9,13,10), (10,13,10), (9,14,10), (10,14,10), (9,15,10), (10,15,10)

Brick ID: 531
Position: (9, 16, 10)
Size: (2 x 4)
Voxels: (9,16,10), (10,16,10), (9,17,10), (10,17,10), (9,18,10), (10,18,10), (9,19,10), (10,19,10)

Brick ID: 532
Position: (8, 13, 10)
Size: (1 x 2)
Voxels: (8,13,10), (8,14,10)

Brick ID: 533
Position: (8, 15, 10)
Size: (1 x 2)
Voxels: (8,15,10), (8,16,10)

Brick ID: 534
Position: (8, 17, 10)
Size: (1 x 2)
Voxels: (8,17,10), (8,18,10)

Brick ID: 535
Position: (9, 20, 10)
Size: (1 x 2)
Voxels: (9,20,10), (9,21,10)

Brick ID: 536
Position: (6, 21, 10)
Size: (1 x 2)
Voxels: (6,21,10), (6,22,10)

Brick ID: 537
Position: (7, 21, 10)
Size: (1 x 2)
Voxels: (7,21,10), (7,22,10)

Brick ID: 538
Position: (8, 21, 10)
Size: (1 x 2)
Voxels: (8,21,10), (8,22,10)

Brick ID: 539
Position: (7, 23, 10)
Size: (1 x 2)
Voxels: (7,23,10), (7,24,10)

Brick ID: 540
Position: (5, 25, 10)
Size: (1 x 2)
Voxels: (5,25,10), (5,26,10)

Brick ID: 541
Position: (4, 41, 10)
Size: (1 x 2)
Voxels: (4,41,10), (4,42,10)

Brick ID: 542
Position: (5, 41, 10)
Size: (1 x 2)
Voxels: (5,41,10), (5,42,10)

Brick ID: 543
Position: (7, 44, 10)
Size: (1 x 2)
Voxels: (7,44,10), (7,45,10)

Brick ID: 544
Position: (7, 46, 10)
Size: (1 x 2)
Voxels: (7,46,10), (7,47,10)

Brick ID: 545
Position: (7, 48, 10)
Size: (1 x 2)
Voxels: (7,48,10), (7,49,10)

Brick ID: 546
Position: (4, 49, 10)
Size: (1 x 2)
Voxels: (4,49,10), (4,50,10)

Brick ID: 547
Position: (5, 49, 10)
Size: (1 x 2)
Voxels: (5,49,10), (5,50,10)

Brick ID: 548
Position: (6, 49, 10)
Size: (1 x 2)
Voxels: (6,49,10), (6,50,10)

Brick ID: 549
Position: (6, 8, 10)
Size: (2 x 1)
Voxels: (6,8,10), (7,8,10)

Brick ID: 550
Position: (0, 18, 10)
Size: (2 x 1)
Voxels: (0,18,10), (1,18,10)

Brick ID: 551
Position: (2, 18, 10)
Size: (2 x 1)
Voxels: (2,18,10), (3,18,10)

Brick ID: 552
Position: (8, 8, 10)
Size: (1 x 1)
Voxels: (8,8,10)

Brick ID: 553
Position: (1, 9, 10)
Size: (1 x 1)
Voxels: (1,9,10)

Brick ID: 554
Position: (5, 10, 10)
Size: (1 x 1)
Voxels: (5,10,10)

Brick ID: 555
Position: (0, 11, 10)
Size: (1 x 1)
Voxels: (0,11,10)

Brick ID: 556
Position: (9, 11, 10)
Size: (1 x 1)
Voxels: (9,11,10)

Brick ID: 557
Position: (4, 12, 10)
Size: (1 x 1)
Voxels: (4,12,10)

Brick ID: 558
Position: (1, 21, 10)
Size: (1 x 1)
Voxels: (1,21,10)

Brick ID: 559
Position: (2, 23, 10)
Size: (1 x 1)
Voxels: (2,23,10)

Brick ID: 560
Position: (4, 25, 10)
Size: (1 x 1)
Voxels: (4,25,10)

Brick ID: 561
Position: (6, 25, 10)
Size: (1 x 1)
Voxels: (6,25,10)

Brick ID: 562
Position: (6, 42, 10)
Size: (1 x 1)
Voxels: (6,42,10)

Brick ID: 563
Position: (3, 49, 10)
Size: (1 x 1)
Voxels: (3,49,10)

Brick ID: 564
Position: (3, 7, 11)
Size: (4 x 2)
Voxels: (3,7,11), (4,7,11), (5,7,11), (6,7,11), (3,8,11), (4,8,11), (5,8,11), (6,8,11)

Brick ID: 565
Position: (1, 9, 11)
Size: (4 x 2)
Voxels: (1,9,11), (2,9,11), (3,9,11), (4,9,11), (1,10,11), (2,10,11), (3,10,11), (4,10,11)

Brick ID: 566
Position: (5, 9, 11)
Size: (4 x 2)
Voxels: (5,9,11), (6,9,11), (7,9,11), (8,9,11), (5,10,11), (6,10,11), (7,10,11), (8,10,11)

Brick ID: 567
Position: (0, 11, 11)
Size: (4 x 2)
Voxels: (0,11,11), (1,11,11), (2,11,11), (3,11,11), (0,12,11), (1,12,11), (2,12,11), (3,12,11)

Brick ID: 568
Position: (4, 11, 11)
Size: (4 x 2)
Voxels: (4,11,11), (5,11,11), (6,11,11), (7,11,11), (4,12,11), (5,12,11), (6,12,11), (7,12,11)

Brick ID: 569
Position: (0, 13, 11)
Size: (4 x 2)
Voxels: (0,13,11), (1,13,11), (2,13,11), (3,13,11), (0,14,11), (1,14,11), (2,14,11), (3,14,11)

Brick ID: 570
Position: (4, 13, 11)
Size: (4 x 2)
Voxels: (4,13,11), (5,13,11), (6,13,11), (7,13,11), (4,14,11), (5,14,11), (6,14,11), (7,14,11)

Brick ID: 571
Position: (0, 15, 11)
Size: (4 x 2)
Voxels: (0,15,11), (1,15,11), (2,15,11), (3,15,11), (0,16,11), (1,16,11), (2,16,11), (3,16,11)

Brick ID: 572
Position: (4, 15, 11)
Size: (4 x 2)
Voxels: (4,15,11), (5,15,11), (6,15,11), (7,15,11), (4,16,11), (5,16,11), (6,16,11), (7,16,11)

Brick ID: 573
Position: (0, 17, 11)
Size: (4 x 2)
Voxels: (0,17,11), (1,17,11), (2,17,11), (3,17,11), (0,18,11), (1,18,11), (2,18,11), (3,18,11)

Brick ID: 574
Position: (4, 17, 11)
Size: (4 x 2)
Voxels: (4,17,11), (5,17,11), (6,17,11), (7,17,11), (4,18,11), (5,18,11), (6,18,11), (7,18,11)

Brick ID: 575
Position: (2, 19, 11)
Size: (4 x 2)
Voxels: (2,19,11), (3,19,11), (4,19,11), (5,19,11), (2,20,11), (3,20,11), (4,20,11), (5,20,11)

Brick ID: 576
Position: (3, 21, 11)
Size: (4 x 2)
Voxels: (3,21,11), (4,21,11), (5,21,11), (6,21,11), (3,22,11), (4,22,11), (5,22,11), (6,22,11)

Brick ID: 577
Position: (8, 11, 11)
Size: (2 x 4)
Voxels: (8,11,11), (9,11,11), (8,12,11), (9,12,11), (8,13,11), (9,13,11), (8,14,11), (9,14,11)

Brick ID: 578
Position: (8, 15, 11)
Size: (2 x 4)
Voxels: (8,15,11), (9,15,11), (8,16,11), (9,16,11), (8,17,11), (9,17,11), (8,18,11), (9,18,11)

Brick ID: 579
Position: (7, 7, 11)
Size: (1 x 2)
Voxels: (7,7,11), (7,8,11)

Brick ID: 580
Position: (8, 7, 11)
Size: (1 x 2)
Voxels: (8,7,11), (8,8,11)

Brick ID: 581
Position: (9, 9, 11)
Size: (1 x 2)
Voxels: (9,9,11), (9,10,11)

Brick ID: 582
Position: (10, 11, 11)
Size: (1 x 2)
Voxels: (10,11,11), (10,12,11)

Brick ID: 583
Position: (10, 13, 11)
Size: (1 x 2)
Voxels: (10,13,11), (10,14,11)

Brick ID: 584
Position: (10, 15, 11)
Size: (1 x 2)
Voxels: (10,15,11), (10,16,11)

Brick ID: 585
Position: (10, 17, 11)
Size: (1 x 2)
Voxels: (10,17,11), (10,18,11)

Brick ID: 586
Position: (6, 19, 11)
Size: (1 x 2)
Voxels: (6,19,11), (6,20,11)

Brick ID: 587
Position: (7, 19, 11)
Size: (1 x 2)
Voxels: (7,19,11), (7,20,11)

Brick ID: 588
Position: (8, 19, 11)
Size: (1 x 2)
Voxels: (8,19,11), (8,20,11)

Brick ID: 589
Position: (7, 21, 11)
Size: (1 x 2)
Voxels: (7,21,11), (7,22,11)

Brick ID: 590
Position: (2, 8, 11)
Size: (1 x 1)
Voxels: (2,8,11)

Brick ID: 591
Position: (0, 10, 11)
Size: (1 x 1)
Voxels: (0,10,11)

Brick ID: 592
Position: (1, 19, 11)
Size: (1 x 1)
Voxels: (1,19,11)

Brick ID: 593
Position: (9, 19, 11)
Size: (1 x 1)
Voxels: (9,19,11)

Brick ID: 594
Position: (2, 21, 11)
Size: (1 x 1)
Voxels: (2,21,11)

Brick ID: 595
Position: (8, 21, 11)
Size: (1 x 1)
Voxels: (8,21,11)

Brick ID: 596
Position: (3, 6, 12)
Size: (4 x 2)
Voxels: (3,6,12), (4,6,12), (5,6,12), (6,6,12), (3,7,12), (4,7,12), (5,7,12), (6,7,12)

Brick ID: 597
Position: (1, 8, 12)
Size: (4 x 2)
Voxels: (1,8,12), (2,8,12), (3,8,12), (4,8,12), (1,9,12), (2,9,12), (3,9,12), (4,9,12)

Brick ID: 598
Position: (5, 8, 12)
Size: (4 x 2)
Voxels: (5,8,12), (6,8,12), (7,8,12), (8,8,12), (5,9,12), (6,9,12), (7,9,12), (8,9,12)

Brick ID: 599
Position: (0, 10, 12)
Size: (4 x 2)
Voxels: (0,10,12), (1,10,12), (2,10,12), (3,10,12), (0,11,12), (1,11,12), (2,11,12), (3,11,12)

Brick ID: 600
Position: (4, 10, 12)
Size: (4 x 2)
Voxels: (4,10,12), (5,10,12), (6,10,12), (7,10,12), (4,11,12), (5,11,12), (6,11,12), (7,11,12)

Brick ID: 601
Position: (0, 12, 12)
Size: (4 x 2)
Voxels: (0,12,12), (1,12,12), (2,12,12), (3,12,12), (0,13,12), (1,13,12), (2,13,12), (3,13,12)

Brick ID: 602
Position: (4, 12, 12)
Size: (4 x 2)
Voxels: (4,12,12), (5,12,12), (6,12,12), (7,12,12), (4,13,12), (5,13,12), (6,13,12), (7,13,12)

Brick ID: 603
Position: (0, 14, 12)
Size: (4 x 2)
Voxels: (0,14,12), (1,14,12), (2,14,12), (3,14,12), (0,15,12), (1,15,12), (2,15,12), (3,15,12)

Brick ID: 604
Position: (4, 14, 12)
Size: (4 x 2)
Voxels: (4,14,12), (5,14,12), (6,14,12), (7,14,12), (4,15,12), (5,15,12), (6,15,12), (7,15,12)

Brick ID: 605
Position: (0, 16, 12)
Size: (4 x 2)
Voxels: (0,16,12), (1,16,12), (2,16,12), (3,16,12), (0,17,12), (1,17,12), (2,17,12), (3,17,12)

Brick ID: 606
Position: (4, 16, 12)
Size: (4 x 2)
Voxels: (4,16,12), (5,16,12), (6,16,12), (7,16,12), (4,17,12), (5,17,12), (6,17,12), (7,17,12)

Brick ID: 607
Position: (2, 18, 12)
Size: (4 x 2)
Voxels: (2,18,12), (3,18,12), (4,18,12), (5,18,12), (2,19,12), (3,19,12), (4,19,12), (5,19,12)

Brick ID: 608
Position: (8, 10, 12)
Size: (2 x 4)
Voxels: (8,10,12), (9,10,12), (8,11,12), (9,11,12), (8,12,12), (9,12,12), (8,13,12), (9,13,12)

Brick ID: 609
Position: (8, 14, 12)
Size: (2 x 4)
Voxels: (8,14,12), (9,14,12), (8,15,12), (9,15,12), (8,16,12), (9,16,12), (8,17,12), (9,17,12)

Brick ID: 610
Position: (7, 6, 12)
Size: (1 x 2)
Voxels: (7,6,12), (7,7,12)

Brick ID: 611
Position: (9, 8, 12)
Size: (1 x 2)
Voxels: (9,8,12), (9,9,12)

Brick ID: 612
Position: (10, 11, 12)
Size: (1 x 2)
Voxels: (10,11,12), (10,12,12)

Brick ID: 613
Position: (10, 13, 12)
Size: (1 x 2)
Voxels: (10,13,12), (10,14,12)

Brick ID: 614
Position: (10, 15, 12)
Size: (1 x 2)
Voxels: (10,15,12), (10,16,12)

Brick ID: 615
Position: (6, 18, 12)
Size: (1 x 2)
Voxels: (6,18,12), (6,19,12)

Brick ID: 616
Position: (7, 18, 12)
Size: (1 x 2)
Voxels: (7,18,12), (7,19,12)

Brick ID: 617
Position: (8, 18, 12)
Size: (1 x 2)
Voxels: (8,18,12), (8,19,12)

Brick ID: 618
Position: (3, 20, 12)
Size: (2 x 1)
Voxels: (3,20,12), (4,20,12)

Brick ID: 619
Position: (5, 20, 12)
Size: (2 x 1)
Voxels: (5,20,12), (6,20,12)

Brick ID: 620
Position: (2, 7, 12)
Size: (1 x 1)
Voxels: (2,7,12)

Brick ID: 621
Position: (8, 7, 12)
Size: (1 x 1)
Voxels: (8,7,12)

Brick ID: 622
Position: (10, 17, 12)
Size: (1 x 1)
Voxels: (10,17,12)

Brick ID: 623
Position: (1, 18, 12)
Size: (1 x 1)
Voxels: (1,18,12)

Brick ID: 624
Position: (9, 18, 12)
Size: (1 x 1)
Voxels: (9,18,12)

Brick ID: 625
Position: (7, 20, 12)
Size: (1 x 1)
Voxels: (7,20,12)

Brick ID: 626
Position: (2, 6, 13)
Size: (4 x 2)
Voxels: (2,6,13), (3,6,13), (4,6,13), (5,6,13), (2,7,13), (3,7,13), (4,7,13), (5,7,13)

Brick ID: 627
Position: (6, 7, 13)
Size: (4 x 2)
Voxels: (6,7,13), (7,7,13), (8,7,13), (9,7,13), (6,8,13), (7,8,13), (8,8,13), (9,8,13)

Brick ID: 628
Position: (1, 8, 13)
Size: (4 x 2)
Voxels: (1,8,13), (2,8,13), (3,8,13), (4,8,13), (1,9,13), (2,9,13), (3,9,13), (4,9,13)

Brick ID: 629
Position: (5, 9, 13)
Size: (4 x 2)
Voxels: (5,9,13), (6,9,13), (7,9,13), (8,9,13), (5,10,13), (6,10,13), (7,10,13), (8,10,13)

Brick ID: 630
Position: (0, 10, 13)
Size: (4 x 2)
Voxels: (0,10,13), (1,10,13), (2,10,13), (3,10,13), (0,11,13), (1,11,13), (2,11,13), (3,11,13)

Brick ID: 631
Position: (4, 11, 13)
Size: (4 x 2)
Voxels: (4,11,13), (5,11,13), (6,11,13), (7,11,13), (4,12,13), (5,12,13), (6,12,13), (7,12,13)

Brick ID: 632
Position: (0, 12, 13)
Size: (4 x 2)
Voxels: (0,12,13), (1,12,13), (2,12,13), (3,12,13), (0,13,13), (1,13,13), (2,13,13), (3,13,13)

Brick ID: 633
Position: (4, 13, 13)
Size: (4 x 2)
Voxels: (4,13,13), (5,13,13), (6,13,13), (7,13,13), (4,14,13), (5,14,13), (6,14,13), (7,14,13)

Brick ID: 634
Position: (0, 14, 13)
Size: (4 x 2)
Voxels: (0,14,13), (1,14,13), (2,14,13), (3,14,13), (0,15,13), (1,15,13), (2,15,13), (3,15,13)

Brick ID: 635
Position: (4, 15, 13)
Size: (4 x 2)
Voxels: (4,15,13), (5,15,13), (6,15,13), (7,15,13), (4,16,13), (5,16,13), (6,16,13), (7,16,13)

Brick ID: 636
Position: (3, 17, 13)
Size: (4 x 2)
Voxels: (3,17,13), (4,17,13), (5,17,13), (6,17,13), (3,18,13), (4,18,13), (5,18,13), (6,18,13)

Brick ID: 637
Position: (9, 10, 13)
Size: (2 x 4)
Voxels: (9,10,13), (10,10,13), (9,11,13), (10,11,13), (9,12,13), (10,12,13), (9,13,13), (10,13,13)

Brick ID: 638
Position: (8, 11, 13)
Size: (1 x 2)
Voxels: (8,11,13), (8,12,13)

Brick ID: 639
Position: (8, 13, 13)
Size: (1 x 2)
Voxels: (8,13,13), (8,14,13)

Brick ID: 640
Position: (9, 14, 13)
Size: (1 x 2)
Voxels: (9,14,13), (9,15,13)

Brick ID: 641
Position: (10, 14, 13)
Size: (1 x 2)
Voxels: (10,14,13), (10,15,13)

Brick ID: 642
Position: (8, 15, 13)
Size: (1 x 2)
Voxels: (8,15,13), (8,16,13)

Brick ID: 643
Position: (2, 16, 13)
Size: (1 x 2)
Voxels: (2,16,13), (2,17,13)

Brick ID: 644
Position: (6, 6, 13)
Size: (2 x 1)
Voxels: (6,6,13), (7,6,13)

Brick ID: 645
Position: (7, 17, 13)
Size: (2 x 1)
Voxels: (7,17,13), (8,17,13)

Brick ID: 646
Position: (8, 6, 13)
Size: (1 x 1)
Voxels: (8,6,13)

Brick ID: 647
Position: (1, 7, 13)
Size: (1 x 1)
Voxels: (1,7,13)

Brick ID: 648
Position: (5, 8, 13)
Size: (1 x 1)
Voxels: (5,8,13)

Brick ID: 649
Position: (0, 9, 13)
Size: (1 x 1)
Voxels: (0,9,13)

Brick ID: 650
Position: (9, 9, 13)
Size: (1 x 1)
Voxels: (9,9,13)

Brick ID: 651
Position: (4, 10, 13)
Size: (1 x 1)
Voxels: (4,10,13)

Brick ID: 652
Position: (1, 16, 13)
Size: (1 x 1)
Voxels: (1,16,13)

Brick ID: 653
Position: (3, 16, 13)
Size: (1 x 1)
Voxels: (3,16,13)

Brick ID: 654
Position: (9, 16, 13)
Size: (1 x 1)
Voxels: (9,16,13)

Brick ID: 655
Position: (2, 6, 14)
Size: (4 x 2)
Voxels: (2,6,14), (3,6,14), (4,6,14), (5,6,14), (2,7,14), (3,7,14), (4,7,14), (5,7,14)

Brick ID: 656
Position: (6, 7, 14)
Size: (4 x 2)
Voxels: (6,7,14), (7,7,14), (8,7,14), (9,7,14), (6,8,14), (7,8,14), (8,8,14), (9,8,14)

Brick ID: 657
Position: (1, 8, 14)
Size: (4 x 2)
Voxels: (1,8,14), (2,8,14), (3,8,14), (4,8,14), (1,9,14), (2,9,14), (3,9,14), (4,9,14)

Brick ID: 658
Position: (5, 9, 14)
Size: (4 x 2)
Voxels: (5,9,14), (6,9,14), (7,9,14), (8,9,14), (5,10,14), (6,10,14), (7,10,14), (8,10,14)

Brick ID: 659
Position: (0, 10, 14)
Size: (4 x 2)
Voxels: (0,10,14), (1,10,14), (2,10,14), (3,10,14), (0,11,14), (1,11,14), (2,11,14), (3,11,14)

Brick ID: 660
Position: (4, 11, 14)
Size: (4 x 2)
Voxels: (4,11,14), (5,11,14), (6,11,14), (7,11,14), (4,12,14), (5,12,14), (6,12,14), (7,12,14)

Brick ID: 661
Position: (0, 12, 14)
Size: (4 x 2)
Voxels: (0,12,14), (1,12,14), (2,12,14), (3,12,14), (0,13,14), (1,13,14), (2,13,14), (3,13,14)

Brick ID: 662
Position: (4, 13, 14)
Size: (4 x 2)
Voxels: (4,13,14), (5,13,14), (6,13,14), (7,13,14), (4,14,14), (5,14,14), (6,14,14), (7,14,14)

Brick ID: 663
Position: (8, 11, 14)
Size: (2 x 4)
Voxels: (8,11,14), (9,11,14), (8,12,14), (9,12,14), (8,13,14), (9,13,14), (8,14,14), (9,14,14)

Brick ID: 664
Position: (6, 5, 14)
Size: (1 x 2)
Voxels: (6,5,14), (6,6,14)

Brick ID: 665
Position: (9, 9, 14)
Size: (1 x 2)
Voxels: (9,9,14), (9,10,14)

Brick ID: 666
Position: (10, 11, 14)
Size: (1 x 2)
Voxels: (10,11,14), (10,12,14)

Brick ID: 667
Position: (1, 14, 14)
Size: (1 x 2)
Voxels: (1,14,14), (1,15,14)

Brick ID: 668
Position: (2, 14, 14)
Size: (1 x 2)
Voxels: (2,14,14), (2,15,14)

Brick ID: 669
Position: (3, 14, 14)
Size: (1 x 2)
Voxels: (3,14,14), (3,15,14)

Brick ID: 670
Position: (4, 15, 14)
Size: (1 x 2)
Voxels: (4,15,14), (4,16,14)

Brick ID: 671
Position: (5, 15, 14)
Size: (1 x 2)
Voxels: (5,15,14), (5,16,14)

Brick ID: 672
Position: (6, 15, 14)
Size: (1 x 2)
Voxels: (6,15,14), (6,16,14)

Brick ID: 673
Position: (4, 5, 14)
Size: (2 x 1)
Voxels: (4,5,14), (5,5,14)

Brick ID: 674
Position: (7, 6, 14)
Size: (2 x 1)
Voxels: (7,6,14), (8,6,14)

Brick ID: 675
Position: (7, 15, 14)
Size: (2 x 1)
Voxels: (7,15,14), (8,15,14)

Brick ID: 676
Position: (1, 7, 14)
Size: (1 x 1)
Voxels: (1,7,14)

Brick ID: 677
Position: (5, 8, 14)
Size: (1 x 1)
Voxels: (5,8,14)

Brick ID: 678
Position: (0, 9, 14)
Size: (1 x 1)
Voxels: (0,9,14)

Brick ID: 679
Position: (4, 10, 14)
Size: (1 x 1)
Voxels: (4,10,14)

Brick ID: 680
Position: (10, 13, 14)
Size: (1 x 1)
Voxels: (10,13,14)

Brick ID: 681
Position: (9, 15, 14)
Size: (1 x 1)
Voxels: (9,15,14)

Brick ID: 682
Position: (3, 5, 15)
Size: (4 x 2)
Voxels: (3,5,15), (4,5,15), (5,5,15), (6,5,15), (3,6,15), (4,6,15), (5,6,15), (6,6,15)

Brick ID: 683
Position: (1, 7, 15)
Size: (4 x 2)
Voxels: (1,7,15), (2,7,15), (3,7,15), (4,7,15), (1,8,15), (2,8,15), (3,8,15), (4,8,15)

Brick ID: 684
Position: (5, 7, 15)
Size: (4 x 2)
Voxels: (5,7,15), (6,7,15), (7,7,15), (8,7,15), (5,8,15), (6,8,15), (7,8,15), (8,8,15)

Brick ID: 685
Position: (0, 9, 15)
Size: (4 x 2)
Voxels: (0,9,15), (1,9,15), (2,9,15), (3,9,15), (0,10,15), (1,10,15), (2,10,15), (3,10,15)

Brick ID: 686
Position: (4, 9, 15)
Size: (4 x 2)
Voxels: (4,9,15), (5,9,15), (6,9,15), (7,9,15), (4,10,15), (5,10,15), (6,10,15), (7,10,15)

Brick ID: 687
Position: (1, 11, 15)
Size: (4 x 2)
Voxels: (1,11,15), (2,11,15), (3,11,15), (4,11,15), (1,12,15), (2,12,15), (3,12,15), (4,12,15)

Brick ID: 688
Position: (5, 11, 15)
Size: (4 x 2)
Voxels: (5,11,15), (6,11,15), (7,11,15), (8,11,15), (5,12,15), (6,12,15), (7,12,15), (8,12,15)

Brick ID: 689
Position: (3, 13, 15)
Size: (4 x 2)
Voxels: (3,13,15), (4,13,15), (5,13,15), (6,13,15), (3,14,15), (4,14,15), (5,14,15), (6,14,15)

Brick ID: 690
Position: (7, 5, 15)
Size: (1 x 2)
Voxels: (7,5,15), (7,6,15)

Brick ID: 691
Position: (9, 6, 15)
Size: (1 x 2)
Voxels: (9,6,15), (9,7,15)

Brick ID: 692
Position: (9, 8, 15)
Size: (1 x 2)
Voxels: (9,8,15), (9,9,15)

Brick ID: 693
Position: (8, 9, 15)
Size: (1 x 2)
Voxels: (8,9,15), (8,10,15)

Brick ID: 694
Position: (9, 10, 15)
Size: (1 x 2)
Voxels: (9,10,15), (9,11,15)

Brick ID: 695
Position: (9, 12, 15)
Size: (1 x 2)
Voxels: (9,12,15), (9,13,15)

Brick ID: 696
Position: (7, 13, 15)
Size: (1 x 2)
Voxels: (7,13,15), (7,14,15)

Brick ID: 697
Position: (2, 6, 15)
Size: (1 x 1)
Voxels: (2,6,15)

Brick ID: 698
Position: (8, 6, 15)
Size: (1 x 1)
Voxels: (8,6,15)

Brick ID: 699
Position: (0, 11, 15)
Size: (1 x 1)
Voxels: (0,11,15)

Brick ID: 700
Position: (2, 13, 15)
Size: (1 x 1)
Voxels: (2,13,15)

Brick ID: 701
Position: (8, 13, 15)
Size: (1 x 1)
Voxels: (8,13,15)

Brick ID: 702
Position: (2, 5, 16)
Size: (4 x 2)
Voxels: (2,5,16), (3,5,16), (4,5,16), (5,5,16), (2,6,16), (3,6,16), (4,6,16), (5,6,16)

Brick ID: 703
Position: (6, 6, 16)
Size: (4 x 2)
Voxels: (6,6,16), (7,6,16), (8,6,16), (9,6,16), (6,7,16), (7,7,16), (8,7,16), (9,7,16)

Brick ID: 704
Position: (1, 7, 16)
Size: (4 x 2)
Voxels: (1,7,16), (2,7,16), (3,7,16), (4,7,16), (1,8,16), (2,8,16), (3,8,16), (4,8,16)

Brick ID: 705
Position: (5, 8, 16)
Size: (4 x 2)
Voxels: (5,8,16), (6,8,16), (7,8,16), (8,8,16), (5,9,16), (6,9,16), (7,9,16), (8,9,16)

Brick ID: 706
Position: (1, 9, 16)
Size: (4 x 2)
Voxels: (1,9,16), (2,9,16), (3,9,16), (4,9,16), (1,10,16), (2,10,16), (3,10,16), (4,10,16)

Brick ID: 707
Position: (5, 10, 16)
Size: (4 x 2)
Voxels: (5,10,16), (6,10,16), (7,10,16), (8,10,16), (5,11,16), (6,11,16), (7,11,16), (8,11,16)

Brick ID: 708
Position: (9, 8, 16)
Size: (1 x 2)
Voxels: (9,8,16), (9,9,16)

Brick ID: 709
Position: (9, 10, 16)
Size: (1 x 2)
Voxels: (9,10,16), (9,11,16)

Brick ID: 710
Position: (3, 11, 16)
Size: (1 x 2)
Voxels: (3,11,16), (3,12,16)

Brick ID: 711
Position: (4, 11, 16)
Size: (1 x 2)
Voxels: (4,11,16), (4,12,16)

Brick ID: 712
Position: (6, 5, 16)
Size: (2 x 1)
Voxels: (6,5,16), (7,5,16)

Brick ID: 713
Position: (1, 11, 16)
Size: (2 x 1)
Voxels: (1,11,16), (2,11,16)

Brick ID: 714
Position: (5, 12, 16)
Size: (2 x 1)
Voxels: (5,12,16), (6,12,16)

Brick ID: 715
Position: (5, 4, 16)
Size: (1 x 1)
Voxels: (5,4,16)

Brick ID: 716
Position: (8, 5, 16)
Size: (1 x 1)
Voxels: (8,5,16)

Brick ID: 717
Position: (1, 6, 16)
Size: (1 x 1)
Voxels: (1,6,16)

Brick ID: 718
Position: (5, 7, 16)
Size: (1 x 1)
Voxels: (5,7,16)

Brick ID: 719
Position: (3, 4, 17)
Size: (4 x 2)
Voxels: (3,4,17), (4,4,17), (5,4,17), (6,4,17), (3,5,17), (4,5,17), (5,5,17), (6,5,17)

Brick ID: 720
Position: (1, 6, 17)
Size: (4 x 2)
Voxels: (1,6,17), (2,6,17), (3,6,17), (4,6,17), (1,7,17), (2,7,17), (3,7,17), (4,7,17)

Brick ID: 721
Position: (5, 6, 17)
Size: (4 x 2)
Voxels: (5,6,17), (6,6,17), (7,6,17), (8,6,17), (5,7,17), (6,7,17), (7,7,17), (8,7,17)

Brick ID: 722
Position: (1, 8, 17)
Size: (4 x 2)
Voxels: (1,8,17), (2,8,17), (3,8,17), (4,8,17), (1,9,17), (2,9,17), (3,9,17), (4,9,17)

Brick ID: 723
Position: (5, 8, 17)
Size: (4 x 2)
Voxels: (5,8,17), (6,8,17), (7,8,17), (8,8,17), (5,9,17), (6,9,17), (7,9,17), (8,9,17)

Brick ID: 724
Position: (3, 10, 17)
Size: (4 x 2)
Voxels: (3,10,17), (4,10,17), (5,10,17), (6,10,17), (3,11,17), (4,11,17), (5,11,17), (6,11,17)

Brick ID: 725
Position: (7, 4, 17)
Size: (1 x 2)
Voxels: (7,4,17), (7,5,17)

Brick ID: 726
Position: (9, 6, 17)
Size: (1 x 2)
Voxels: (9,6,17), (9,7,17)

Brick ID: 727
Position: (9, 8, 17)
Size: (1 x 2)
Voxels: (9,8,17), (9,9,17)

Brick ID: 728
Position: (1, 10, 17)
Size: (2 x 1)
Voxels: (1,10,17), (2,10,17)

Brick ID: 729
Position: (7, 10, 17)
Size: (2 x 1)
Voxels: (7,10,17), (8,10,17)

Brick ID: 730
Position: (2, 5, 17)
Size: (1 x 1)
Voxels: (2,5,17)

Brick ID: 731
Position: (8, 5, 17)
Size: (1 x 1)
Voxels: (8,5,17)

Brick ID: 732
Position: (9, 10, 17)
Size: (1 x 1)
Voxels: (9,10,17)

Brick ID: 733
Position: (3, 4, 18)
Size: (4 x 2)
Voxels: (3,4,18), (4,4,18), (5,4,18), (6,4,18), (3,5,18), (4,5,18), (5,5,18), (6,5,18)

Brick ID: 734
Position: (1, 6, 18)
Size: (4 x 2)
Voxels: (1,6,18), (2,6,18), (3,6,18), (4,6,18), (1,7,18), (2,7,18), (3,7,18), (4,7,18)

Brick ID: 735
Position: (5, 6, 18)
Size: (4 x 2)
Voxels: (5,6,18), (6,6,18), (7,6,18), (8,6,18), (5,7,18), (6,7,18), (7,7,18), (8,7,18)

Brick ID: 736
Position: (1, 8, 18)
Size: (4 x 2)
Voxels: (1,8,18), (2,8,18), (3,8,18), (4,8,18), (1,9,18), (2,9,18), (3,9,18), (4,9,18)

Brick ID: 737
Position: (5, 8, 18)
Size: (4 x 2)
Voxels: (5,8,18), (6,8,18), (7,8,18), (8,8,18), (5,9,18), (6,9,18), (7,9,18), (8,9,18)

Brick ID: 738
Position: (7, 4, 18)
Size: (1 x 2)
Voxels: (7,4,18), (7,5,18)

Brick ID: 739
Position: (8, 4, 18)
Size: (1 x 2)
Voxels: (8,4,18), (8,5,18)

Brick ID: 740
Position: (9, 6, 18)
Size: (1 x 2)
Voxels: (9,6,18), (9,7,18)

Brick ID: 741
Position: (3, 10, 18)
Size: (2 x 1)
Voxels: (3,10,18), (4,10,18)

Brick ID: 742
Position: (5, 10, 18)
Size: (2 x 1)
Voxels: (5,10,18), (6,10,18)

Brick ID: 743
Position: (5, 3, 18)
Size: (1 x 1)
Voxels: (5,3,18)

Brick ID: 744
Position: (2, 5, 18)
Size: (1 x 1)
Voxels: (2,5,18)

Brick ID: 745
Position: (9, 8, 18)
Size: (1 x 1)
Voxels: (9,8,18)

Brick ID: 746
Position: (7, 10, 18)
Size: (1 x 1)
Voxels: (7,10,18)

Brick ID: 747
Position: (3, 3, 19)
Size: (4 x 2)
Voxels: (3,3,19), (4,3,19), (5,3,19), (6,3,19), (3,4,19), (4,4,19), (5,4,19), (6,4,19)

Brick ID: 748
Position: (2, 5, 19)
Size: (4 x 2)
Voxels: (2,5,19), (3,5,19), (4,5,19), (5,5,19), (2,6,19), (3,6,19), (4,6,19), (5,6,19)

Brick ID: 749
Position: (6, 6, 19)
Size: (4 x 2)
Voxels: (6,6,19), (7,6,19), (8,6,19), (9,6,19), (6,7,19), (7,7,19), (8,7,19), (9,7,19)

Brick ID: 750
Position: (2, 7, 19)
Size: (4 x 2)
Voxels: (2,7,19), (3,7,19), (4,7,19), (5,7,19), (2,8,19), (3,8,19), (4,8,19), (5,8,19)

Brick ID: 751
Position: (7, 3, 19)
Size: (1 x 2)
Voxels: (7,3,19), (7,4,19)

Brick ID: 752
Position: (8, 4, 19)
Size: (1 x 2)
Voxels: (8,4,19), (8,5,19)

Brick ID: 753
Position: (1, 6, 19)
Size: (1 x 2)
Voxels: (1,6,19), (1,7,19)

Brick ID: 754
Position: (6, 8, 19)
Size: (1 x 2)
Voxels: (6,8,19), (6,9,19)

Brick ID: 755
Position: (7, 8, 19)
Size: (1 x 2)
Voxels: (7,8,19), (7,9,19)

Brick ID: 756
Position: (6, 5, 19)
Size: (2 x 1)
Voxels: (6,5,19), (7,5,19)

Brick ID: 757
Position: (3, 9, 19)
Size: (2 x 1)
Voxels: (3,9,19), (4,9,19)

Brick ID: 758
Position: (2, 4, 19)
Size: (1 x 1)
Voxels: (2,4,19)

Brick ID: 759
Position: (8, 8, 19)
Size: (1 x 1)
Voxels: (8,8,19)

Brick ID: 760
Position: (5, 9, 19)
Size: (1 x 1)
Voxels: (5,9,19)

Brick ID: 761
Position: (3, 3, 20)
Size: (4 x 2)
Voxels: (3,3,20), (4,3,20), (5,3,20), (6,3,20), (3,4,20), (4,4,20), (5,4,20), (6,4,20)

Brick ID: 762
Position: (2, 5, 20)
Size: (4 x 2)
Voxels: (2,5,20), (3,5,20), (4,5,20), (5,5,20), (2,6,20), (3,6,20), (4,6,20), (5,6,20)

Brick ID: 763
Position: (3, 7, 20)
Size: (4 x 2)
Voxels: (3,7,20), (4,7,20), (5,7,20), (6,7,20), (3,8,20), (4,8,20), (5,8,20), (6,8,20)

Brick ID: 764
Position: (7, 4, 20)
Size: (2 x 4)
Voxels: (7,4,20), (8,4,20), (7,5,20), (8,5,20), (7,6,20), (8,6,20), (7,7,20), (8,7,20)

Brick ID: 765
Position: (6, 5, 20)
Size: (1 x 2)
Voxels: (6,5,20), (6,6,20)

Brick ID: 766
Position: (4, 2, 20)
Size: (2 x 1)
Voxels: (4,2,20), (5,2,20)

Brick ID: 767
Position: (6, 2, 20)
Size: (1 x 1)
Voxels: (6,2,20)

Brick ID: 768
Position: (7, 3, 20)
Size: (1 x 1)
Voxels: (7,3,20)

Brick ID: 769
Position: (2, 4, 20)
Size: (1 x 1)
Voxels: (2,4,20)

Brick ID: 770
Position: (2, 7, 20)
Size: (1 x 1)
Voxels: (2,7,20)

Brick ID: 771
Position: (7, 8, 20)
Size: (1 x 1)
Voxels: (7,8,20)

Brick ID: 772
Position: (3, 2, 21)
Size: (4 x 2)
Voxels: (3,2,21), (4,2,21), (5,2,21), (6,2,21), (3,3,21), (4,3,21), (5,3,21), (6,3,21)

Brick ID: 773
Position: (2, 4, 21)
Size: (4 x 2)
Voxels: (2,4,21), (3,4,21), (4,4,21), (5,4,21), (2,5,21), (3,5,21), (4,5,21), (5,5,21)

Brick ID: 774
Position: (3, 6, 21)
Size: (4 x 2)
Voxels: (3,6,21), (4,6,21), (5,6,21), (6,6,21), (3,7,21), (4,7,21), (5,7,21), (6,7,21)

Brick ID: 775
Position: (7, 3, 21)
Size: (2 x 4)
Voxels: (7,3,21), (8,3,21), (7,4,21), (8,4,21), (7,5,21), (8,5,21), (7,6,21), (8,6,21)

Brick ID: 776
Position: (6, 4, 21)
Size: (1 x 2)
Voxels: (6,4,21), (6,5,21)

Brick ID: 777
Position: (7, 2, 21)
Size: (1 x 1)
Voxels: (7,2,21)

Brick ID: 778
Position: (2, 6, 21)
Size: (1 x 1)
Voxels: (2,6,21)

Brick ID: 779
Position: (7, 7, 21)
Size: (1 x 1)
Voxels: (7,7,21)

Brick ID: 780
Position: (3, 2, 22)
Size: (4 x 2)
Voxels: (3,2,22), (4,2,22), (5,2,22), (6,2,22), (3,3,22), (4,3,22), (5,3,22), (6,3,22)

Brick ID: 781
Position: (2, 4, 22)
Size: (4 x 2)
Voxels: (2,4,22), (3,4,22), (4,4,22), (5,4,22), (2,5,22), (3,5,22), (4,5,22), (5,5,22)

Brick ID: 782
Position: (7, 2, 22)
Size: (1 x 2)
Voxels: (7,2,22), (7,3,22)

Brick ID: 783
Position: (8, 3, 22)
Size: (1 x 2)
Voxels: (8,3,22), (8,4,22)

Brick ID: 784
Position: (6, 4, 22)
Size: (1 x 2)
Voxels: (6,4,22), (6,5,22)

Brick ID: 785
Position: (7, 4, 22)
Size: (1 x 2)
Voxels: (7,4,22), (7,5,22)

Brick ID: 786
Position: (3, 6, 22)
Size: (2 x 1)
Voxels: (3,6,22), (4,6,22)

Brick ID: 787
Position: (5, 6, 22)
Size: (2 x 1)
Voxels: (5,6,22), (6,6,22)

Brick ID: 788
Position: (8, 5, 22)
Size: (1 x 1)
Voxels: (8,5,22)

Brick ID: 789
Position: (7, 6, 22)
Size: (1 x 1)
Voxels: (7,6,22)

Brick ID: 790
Position: (3, 2, 23)
Size: (4 x 2)
Voxels: (3,2,23), (4,2,23), (5,2,23), (6,2,23), (3,3,23), (4,3,23), (5,3,23), (6,3,23)

Brick ID: 791
Position: (3, 4, 23)
Size: (4 x 2)
Voxels: (3,4,23), (4,4,23), (5,4,23), (6,4,23), (3,5,23), (4,5,23), (5,5,23), (6,5,23)

Brick ID: 792
Position: (7, 2, 23)
Size: (1 x 2)
Voxels: (7,2,23), (7,3,23)

Brick ID: 793
Position: (8, 3, 23)
Size: (1 x 2)
Voxels: (8,3,23), (8,4,23)

Brick ID: 794
Position: (7, 4, 23)
Size: (1 x 2)
Voxels: (7,4,23), (7,5,23)

Brick ID: 795
Position: (4, 6, 23)
Size: (2 x 1)
Voxels: (4,6,23), (5,6,23)

Brick ID: 796
Position: (5, 1, 23)
Size: (1 x 1)
Voxels: (5,1,23)

Brick ID: 797
Position: (8, 5, 23)
Size: (1 x 1)
Voxels: (8,5,23)

Brick ID: 798
Position: (6, 6, 23)
Size: (1 x 1)
Voxels: (6,6,23)

Brick ID: 799
Position: (3, 2, 24)
Size: (4 x 2)
Voxels: (3,2,24), (4,2,24), (5,2,24), (6,2,24), (3,3,24), (4,3,24), (5,3,24), (6,3,24)

Brick ID: 800
Position: (3, 4, 24)
Size: (4 x 2)
Voxels: (3,4,24), (4,4,24), (5,4,24), (6,4,24), (3,5,24), (4,5,24), (5,5,24), (6,5,24)

Brick ID: 801
Position: (7, 2, 24)
Size: (1 x 2)
Voxels: (7,2,24), (7,3,24)

Brick ID: 802
Position: (7, 4, 24)
Size: (1 x 2)
Voxels: (7,4,24), (7,5,24)

Brick ID: 803
Position: (4, 1, 24)
Size: (2 x 1)
Voxels: (4,1,24), (5,1,24)

Brick ID: 804
Position: (6, 1, 24)
Size: (1 x 1)
Voxels: (6,1,24)

Brick ID: 805
Position: (3, 2, 25)
Size: (4 x 2)
Voxels: (3,2,25), (4,2,25), (5,2,25), (6,2,25), (3,3,25), (4,3,25), (5,3,25), (6,3,25)

Brick ID: 806
Position: (7, 2, 25)
Size: (1 x 2)
Voxels: (7,2,25), (7,3,25)

Brick ID: 807
Position: (5, 4, 25)
Size: (1 x 2)
Voxels: (5,4,25), (5,5,25)

Brick ID: 808
Position: (6, 4, 25)
Size: (1 x 2)
Voxels: (6,4,25), (6,5,25)

Brick ID: 809
Position: (4, 1, 25)
Size: (2 x 1)
Voxels: (4,1,25), (5,1,25)

Brick ID: 810
Position: (3, 4, 25)
Size: (2 x 1)
Voxels: (3,4,25), (4,4,25)

Brick ID: 811
Position: (6, 1, 25)
Size: (1 x 1)
Voxels: (6,1,25)

Brick ID: 812
Position: (7, 4, 25)
Size: (1 x 1)
Voxels: (7,4,25)

Brick ID: 813
Position: (4, 1, 26)
Size: (4 x 2)
Voxels: (4,1,26), (5,1,26), (6,1,26), (7,1,26), (4,2,26), (5,2,26), (6,2,26), (7,2,26)

Brick ID: 814
Position: (3, 3, 26)
Size: (4 x 2)
Voxels: (3,3,26), (4,3,26), (5,3,26), (6,3,26), (3,4,26), (4,4,26), (5,4,26), (6,4,26)

Brick ID: 815
Position: (7, 3, 26)
Size: (1 x 2)
Voxels: (7,3,26), (7,4,26)

Brick ID: 816
Position: (3, 2, 26)
Size: (1 x 1)
Voxels: (3,2,26)

Brick ID: 817
Position: (3, 2, 27)
Size: (4 x 2)
Voxels: (3,2,27), (4,2,27), (5,2,27), (6,2,27), (3,3,27), (4,3,27), (5,3,27), (6,3,27)

Brick ID: 818
Position: (7, 2, 27)
Size: (1 x 2)
Voxels: (7,2,27), (7,3,27)

Brick ID: 819
Position: (4, 1, 27)
Size: (2 x 1)
Voxels: (4,1,27), (5,1,27)

Brick ID: 820
Position: (4, 4, 27)
Size: (2 x 1)
Voxels: (4,4,27), (5,4,27)

Brick ID: 821
Position: (6, 1, 27)
Size: (1 x 1)
Voxels: (6,1,27)

Brick ID: 822
Position: (6, 4, 27)
Size: (1 x 1)
Voxels: (6,4,27)

Brick ID: 823
Position: (4, 0, 28)
Size: (2 x 4)
Voxels: (4,0,28), (5,0,28), (4,1,28), (5,1,28), (4,2,28), (5,2,28), (4,3,28), (5,3,28)

Brick ID: 824
Position: (6, 0, 28)
Size: (1 x 2)
Voxels: (6,0,28), (6,1,28)

Brick ID: 825
Position: (6, 2, 28)
Size: (1 x 2)
Voxels: (6,2,28), (6,3,28)

Brick ID: 826
Position: (5, 4, 28)
Size: (2 x 1)
Voxels: (5,4,28), (6,4,28)

Brick ID: 827
Position: (7, 2, 28)
Size: (1 x 1)
Voxels: (7,2,28)

Brick ID: 828
Position: (3, 0, 29)
Size: (4 x 2)
Voxels: (3,0,29), (4,0,29), (5,0,29), (6,0,29), (3,1,29), (4,1,29), (5,1,29), (6,1,29)

Brick ID: 829
Position: (7, 0, 29)
Size: (1 x 2)
Voxels: (7,0,29), (7,1,29)

Brick ID: 830
Position: (4, 2, 29)
Size: (1 x 2)
Voxels: (4,2,29), (4,3,29)

Brick ID: 831
Position: (5, 2, 29)
Size: (1 x 2)
Voxels: (5,2,29), (5,3,29)

Brick ID: 832
Position: (6, 2, 29)
Size: (1 x 2)
Voxels: (6,2,29), (6,3,29)

Brick ID: 833
Position: (3, 2, 29)
Size: (1 x 1)
Voxels: (3,2,29)

Brick ID: 834
Position: (7, 2, 29)
Size: (1 x 1)
Voxels: (7,2,29)

